hour, t(sec), V1, VAngle1, V2, VAngle2, V3, VAngle3, V4, VAngle4, I1, IAngle1, I2, IAngle2, I3, IAngle3, I4, IAngle4
0, 60.00000, 223.937, -30.2071, 224.044, -150.226, 224.166, 89.7969, 0.00395717, -103.456, 0.217028, 131.599, 0.192822, 11.5782, 0.144534, -108.398, 0.063855, -89.276
0, 120.00000, 223.937, -30.2071, 224.044, -150.226, 224.166, 89.7969, 0.00395713, -103.456, 0.217027, 131.599, 0.192821, 11.5782, 0.144533, -108.398, 0.0638543, -89.2761
0, 180.00000, 223.937, -30.2071, 224.044, -150.226, 224.166, 89.7969, 0.00395713, -103.456, 0.217027, 131.599, 0.192821, 11.5782, 0.144533, -108.398, 0.0638543, -89.2761
0, 240.00000, 223.937, -30.2071, 224.044, -150.226, 224.166, 89.7969, 0.00395713, -103.456, 0.217027, 131.599, 0.192821, 11.5782, 0.144533, -108.398, 0.0638543, -89.2761
0, 300.00000, 223.937, -30.2071, 224.044, -150.226, 224.166, 89.7969, 0.00395713, -103.456, 0.217027, 131.599, 0.192821, 11.5782, 0.144533, -108.398, 0.0638543, -89.2761
0, 360.00000, 223.878, -30.2254, 224.105, -150.229, 224.075, 89.7949, 0.00143895, -91.3617, 0.217081, 131.58, 0.192768, 11.576, 0.168691, -108.4, 0.0418643, -78.3282
0, 420.00000, 223.878, -30.2254, 224.105, -150.229, 224.075, 89.7949, 0.00143905, -91.3546, 0.217083, 131.58, 0.192767, 11.576, 0.168693, -108.4, 0.0418645, -78.3248
0, 480.00000, 223.878, -30.2254, 224.105, -150.229, 224.075, 89.7949, 0.00143905, -91.3547, 0.217083, 131.58, 0.192767, 11.576, 0.168693, -108.4, 0.0418645, -78.3248
0, 540.00000, 223.878, -30.2254, 224.105, -150.229, 224.075, 89.7949, 0.00143905, -91.3547, 0.217083, 131.58, 0.192767, 11.576, 0.168693, -108.4, 0.0418645, -78.3248
0, 600.00000, 223.878, -30.2254, 224.105, -150.229, 224.075, 89.7949, 0.00143905, -91.3547, 0.217083, 131.58, 0.192767, 11.576, 0.168693, -108.4, 0.0418645, -78.3248
0, 660.00000, 223.837, -30.2224, 224.148, -150.228, 224.122, 89.8059, 0.00569542, -91.4374, 0.192999, 131.584, 0.192734, 11.5755, 0.144561, -108.389, 0.0482809, -108.241
0, 720.00000, 223.837, -30.2224, 224.148, -150.228, 224.122, 89.8059, 0.00569557, -91.4371, 0.193, 131.584, 0.192733, 11.5755, 0.14456, -108.389, 0.0482816, -108.239
0, 780.00000, 223.837, -30.2224, 224.148, -150.228, 224.122, 89.8059, 0.00569557, -91.4371, 0.193, 131.584, 0.192733, 11.5755, 0.14456, -108.389, 0.0482816, -108.239
0, 840.00000, 223.837, -30.2224, 224.148, -150.228, 224.122, 89.8059, 0.00569557, -91.4371, 0.193, 131.584, 0.192733, 11.5755, 0.14456, -108.389, 0.0482816, -108.239
0, 900.00000, 223.837, -30.2224, 224.148, -150.228, 224.122, 89.8059, 0.00569557, -91.4371, 0.193, 131.584, 0.192733, 11.5755, 0.14456, -108.389, 0.0482816, -108.239
0, 960.00000, 223.956, -30.2015, 223.93, -150.229, 224.106, 89.7782, 0.00413694, -102.537, 0.192896, 131.605, 0.217035, 11.575, 0.168668, -108.417, 0.0417995, -138.392
0, 1020.00000, 223.956, -30.2015, 223.93, -150.229, 224.106, 89.7782, 0.00413694, -102.537, 0.192896, 131.605, 0.217035, 11.575, 0.168667, -108.417, 0.0417996, -138.393
0, 1080.00000, 223.956, -30.2015, 223.93, -150.229, 224.106, 89.7782, 0.00413694, -102.537, 0.192896, 131.605, 0.217035, 11.575, 0.168667, -108.417, 0.0417996, -138.393
0, 1140.00000, 223.956, -30.2015, 223.93, -150.229, 224.106, 89.7782, 0.00413694, -102.537, 0.192896, 131.605, 0.217035, 11.575, 0.168667, -108.417, 0.0417996, -138.393
0, 1200.00000, 223.956, -30.2015, 223.93, -150.229, 224.106, 89.7782, 0.00413694, -102.537, 0.192896, 131.605, 0.217035, 11.575, 0.168667, -108.417, 0.0417996, -138.393
0, 1260.00000, 223.939, -30.2019, 223.923, -150.236, 224.154, 89.7836, 0.00308801, -18.447, 0.217026, 131.603, 0.144691, 11.5686, 0.192723, -108.411, 0.0637737, -7.60598
0, 1320.00000, 223.939, -30.2019, 223.923, -150.236, 224.154, 89.7836, 0.00308801, -18.4469, 0.217026, 131.603, 0.144691, 11.5686, 0.192723, -108.411, 0.0637737, -7.60588
0, 1380.00000, 223.939, -30.2019, 223.923, -150.236, 224.154, 89.7836, 0.00308801, -18.4469, 0.217026, 131.603, 0.144691, 11.5686, 0.192723, -108.411, 0.0637737, -7.60588
0, 1440.00000, 223.939, -30.2019, 223.923, -150.236, 224.154, 89.7836, 0.00308801, -18.4469, 0.217026, 131.603, 0.144691, 11.5686, 0.192723, -108.411, 0.0637737, -7.60588
0, 1500.00000, 223.939, -30.2019, 223.923, -150.236, 224.154, 89.7836, 0.00308801, -18.4469, 0.217026, 131.603, 0.144691, 11.5686, 0.192723, -108.411, 0.0637737, -7.60588
0, 1560.00000, 223.89, -30.2134, 224.115, -150.228, 224.175, 89.8069, 0.00856959, -125.787, 0.192949, 131.594, 0.240962, 11.576, 0.168613, -108.389, 0.0637718, -149.203
0, 1620.00000, 223.89, -30.2135, 224.115, -150.228, 224.175, 89.8069, 0.00856961, -125.784, 0.192951, 131.594, 0.240956, 11.5759, 0.168613, -108.389, 0.0637663, -149.2
0, 1680.00000, 223.89, -30.2135, 224.115, -150.228, 224.175, 89.8069, 0.00856961, -125.784, 0.192951, 131.594, 0.240956, 11.5759, 0.168613, -108.389, 0.0637663, -149.2
0, 1740.00000, 223.89, -30.2135, 224.115, -150.228, 224.175, 89.8069, 0.00856961, -125.784, 0.192951, 131.594, 0.240956, 11.5759, 0.168613, -108.389, 0.0637663, -149.2
0, 1800.00000, 223.89, -30.2135, 224.115, -150.228, 224.175, 89.8069, 0.00856961, -125.784, 0.192951, 131.594, 0.240956, 11.5759, 0.168613, -108.389, 0.0637663, -149.2
0, 1860.00000, 223.908, -30.2263, 224.07, -150.224, 224.04, 89.7875, 0.00277347, -125.536, 0.144701, 131.58, 0.168699, 11.5811, 0.192817, -108.408, 0.0416859, 101.548
0, 1920.00000, 223.908, -30.2263, 224.07, -150.224, 224.04, 89.7875, 0.00277322, -125.534, 0.144702, 131.58, 0.168699, 11.5811, 0.19282, -108.408, 0.0416885, 101.545
0, 1980.00000, 223.908, -30.2263, 224.07, -150.224, 224.04, 89.7875, 0.00277322, -125.534, 0.144702, 131.58, 0.168699, 11.5811, 0.19282, -108.408, 0.0416885, 101.545
0, 2040.00000, 223.908, -30.2263, 224.07, -150.224, 224.04, 89.7875, 0.00277322, -125.534, 0.144702, 131.58, 0.168699, 11.5811, 0.19282, -108.408, 0.0416885, 101.545
0, 2100.00000, 223.908, -30.2263, 224.07, -150.224, 224.04, 89.7875, 0.00277322, -125.534, 0.144702, 131.58, 0.168699, 11.5811, 0.19282, -108.408, 0.0416885, 101.545
0, 2160.00000, 223.96, -30.1985, 224.017, -150.232, 224.183, 89.7885, 0.00397921, -81.9806, 0.192896, 131.607, 0.216949, 11.5719, 0.216786, -108.406, 0.0240428, 131.721
0, 2220.00000, 223.96, -30.1985, 224.017, -150.232, 224.183, 89.7885, 0.00397901, -81.9833, 0.192894, 131.607, 0.216949, 11.5718, 0.216784, -108.406, 0.0240442, 131.727
0, 2280.00000, 223.96, -30.1985, 224.017, -150.232, 224.183, 89.7885, 0.00397901, -81.9833, 0.192894, 131.607, 0.216949, 11.5718, 0.216784, -108.406, 0.0240442, 131.727
0, 2340.00000, 223.96, -30.1985, 224.017, -150.232, 224.183, 89.7885, 0.00397901, -81.9833, 0.192894, 131.607, 0.216949, 11.5718, 0.216784, -108.406, 0.0240442, 131.727
0, 2400.00000, 223.96, -30.1985, 224.017, -150.232, 224.183, 89.7885, 0.00397901, -81.9833, 0.192894, 131.607, 0.216949, 11.5718, 0.216784, -108.406, 0.0240442, 131.727
0, 2460.00000, 223.886, -30.2234, 224.122, -150.221, 224.05, 89.7899, 0.00402503, -74.9754, 0.192958, 131.582, 0.216847, 11.5829, 0.19281, -108.405, 0.0240006, -168.16
0, 2520.00000, 223.886, -30.2234, 224.122, -150.221, 224.05, 89.7899, 0.00402504, -74.9754, 0.192958, 131.582, 0.216847, 11.5829, 0.19281, -108.405, 0.0240005, -168.16
0, 2580.00000, 223.886, -30.2234, 224.122, -150.221, 224.05, 89.7899, 0.00402504, -74.9754, 0.192958, 131.582, 0.216847, 11.5829, 0.19281, -108.405, 0.0240005, -168.16
0, 2640.00000, 223.886, -30.2234, 224.122, -150.221, 224.05, 89.7899, 0.00402504, -74.9754, 0.192958, 131.582, 0.216847, 11.5829, 0.19281, -108.405, 0.0240005, -168.16
0, 2700.00000, 223.886, -30.2234, 224.122, -150.221, 224.05, 89.7899, 0.00402504, -74.9754, 0.192958, 131.582, 0.216847, 11.5829, 0.19281, -108.405, 0.0240005, -168.16
0, 2760.00000, 223.916, -30.2184, 224.079, -150.214, 224.057, 89.7915, 0.00357486, -72.8508, 0.168816, 131.587, 0.216887, 11.5903, 0.192807, -108.403, 0.041658, 161.662
0, 2820.00000, 223.916, -30.2184, 224.079, -150.214, 224.057, 89.7915, 0.00357476, -72.8529, 0.168815, 131.587, 0.216889, 11.5903, 0.192805, -108.403, 0.0416593, 161.665
0, 2880.00000, 223.916, -30.2184, 224.079, -150.214, 224.057, 89.7915, 0.00357476, -72.8529, 0.168815, 131.587, 0.216889, 11.5903, 0.192805, -108.403, 0.0416593, 161.665
0, 2940.00000, 223.916, -30.2184, 224.079, -150.214, 224.057, 89.7915, 0.00357476, -72.8529, 0.168815, 131.587, 0.216889, 11.5903, 0.192805, -108.403, 0.0416593, 161.665
0, 3000.00000, 223.916, -30.2184, 224.079, -150.214, 224.057, 89.7915, 0.00357476, -72.8529, 0.168815, 131.587, 0.216889, 11.5903, 0.192805, -108.403, 0.0416593, 161.665
0, 3060.00000, 223.905, -30.216, 224.077, -150.227, 224.098, 89.7855, 0.00383942, -82.0413, 0.192941, 131.59, 0.192792, 11.577, 0.216866, -108.409, 0.0240368, 71.3411
0, 3120.00000, 223.905, -30.216, 224.077, -150.227, 224.098, 89.7855, 0.00383942, -82.0414, 0.192941, 131.59, 0.192792, 11.577, 0.216866, -108.409, 0.0240368, 71.3411
0, 3180.00000, 223.905, -30.216, 224.077, -150.227, 224.098, 89.7855, 0.00383942, -82.0414, 0.192941, 131.59, 0.192792, 11.577, 0.216866, -108.409, 0.0240368, 71.3411
0, 3240.00000, 223.905, -30.216, 224.077, -150.227, 224.098, 89.7855, 0.00383942, -82.0414, 0.192941, 131.59, 0.192792, 11.577, 0.216866, -108.409, 0.0240368, 71.3411
0, 3300.00000, 223.905, -30.216, 224.077, -150.227, 224.098, 89.7855, 0.00383942, -82.0414, 0.192941, 131.59, 0.192792, 11.577, 0.216866, -108.409, 0.0240368, 71.3411
0, 3360.00000, 224.012, -30.21, 224.005, -150.225, 224.073, 89.7789, 0.000697478, -105.16, 0.168746, 131.595, 0.168743, 11.5804, 0.192793, -108.416, 0.0240861, 71.5519
0, 3420.00000, 224.012, -30.21, 224.005, -150.225, 224.073, 89.7789, 0.000697085, -105.187, 0.168741, 131.595, 0.168747, 11.5803, 0.192794, -108.416, 0.0240881, 71.5697
0, 3480.00000, 224.012, -30.21, 224.005, -150.225, 224.073, 89.7789, 0.000697085, -105.187, 0.168741, 131.595, 0.168747, 11.5803, 0.192794, -108.416, 0.0240881, 71.5698
0, 3540.00000, 224.012, -30.21, 224.005, -150.225, 224.073, 89.7789, 0.000697085, -105.187, 0.168741, 131.595, 0.168747, 11.5803, 0.192794, -108.416, 0.0240881, 71.5698
1, 0.00000, 224.012, -30.21, 224.005, -150.225, 224.073, 89.7789, 0.000697085, -105.187, 0.168741, 131.595, 0.168747, 11.5803, 0.192794, -108.416, 0.0240881, 71.5698
1, 60.00000, 224.201, -30.1699, 224.338, -150.181, 224.349, 89.8304, 0.0050965, -108.755, 0.1686, 131.637, 0.1685, 11.6229, 0.144415, -108.365, 0.0241003, -108.195
1, 120.00000, 224.201, -30.1699, 224.338, -150.181, 224.349, 89.8304, 0.00509649, -108.754, 0.1686, 131.637, 0.168499, 11.6229, 0.144415, -108.365, 0.0240997, -108.194
1, 180.00000, 224.201, -30.1699, 224.338, -150.181, 224.349, 89.8304, 0.00509649, -108.754, 0.1686, 131.637, 0.168499, 11.6229, 0.144415, -108.365, 0.0240997, -108.194
1, 240.00000, 224.201, -30.1699, 224.338, -150.181, 224.349, 89.8304, 0.00509649, -108.754, 0.1686, 131.637, 0.168499, 11.6229, 0.144415, -108.365, 0.0240997, -108.194
1, 300.00000, 224.201, -30.1699, 224.338, -150.181, 224.349, 89.8304, 0.00509649, -108.754, 0.1686, 131.637, 0.168499, 11.6229, 0.144415, -108.365, 0.0240997, -108.194
1, 360.00000, 224.206, -30.1724, 224.315, -150.189, 224.388, 89.8342, 0.00370624, -122.015, 0.14451, 131.634, 0.192589, 11.6154, 0.144391, -108.361, 0.0481499, -168.324
1, 420.00000, 224.206, -30.1724, 224.315, -150.189, 224.388, 89.8342, 0.00370625, -122.015, 0.14451, 131.634, 0.192589, 11.6154, 0.144391, -108.361, 0.0481495, -168.324
1, 480.00000, 224.206, -30.1724, 224.315, -150.189, 224.388, 89.8342, 0.00370625, -122.015, 0.14451, 131.634, 0.192589, 11.6154, 0.144391, -108.361, 0.0481495, -168.324
1, 540.00000, 224.206, -30.1724, 224.315, -150.189, 224.388, 89.8342, 0.00370625, -122.015, 0.14451, 131.634, 0.192589, 11.6154, 0.144391, -108.361, 0.0481495, -168.324
1, 600.00000, 224.206, -30.1724, 224.315, -150.189, 224.388, 89.8342, 0.00370625, -122.015, 0.14451, 131.634, 0.192589, 11.6154, 0.144391, -108.361, 0.0481495, -168.324
1, 660.00000, 224.112, -30.1785, 224.351, -150.188, 224.37, 89.8397, 0.000925556, -88.7997, 0.120476, 131.627, 0.120347, 11.6169, 0.168471, -108.355, 0.0480773, 71.5696
1, 720.00000, 224.112, -30.1785, 224.351, -150.188, 224.37, 89.8397, 0.00092553, -88.7999, 0.120476, 131.627, 0.120347, 11.6169, 0.168471, -108.355, 0.0480773, 71.5699
1, 780.00000, 224.112, -30.1785, 224.351, -150.188, 224.37, 89.8397, 0.00092553, -88.7999, 0.120476, 131.627, 0.120347, 11.6169, 0.168471, -108.355, 0.0480773, 71.5699
1, 840.00000, 224.112, -30.1785, 224.351, -150.188, 224.37, 89.8397, 0.00092553, -88.7999, 0.120476, 131.627, 0.120347, 11.6169, 0.168471, -108.355, 0.0480773, 71.5699
1, 900.00000, 224.112, -30.1785, 224.351, -150.188, 224.37, 89.8397, 0.00092553, -88.7999, 0.120476, 131.627, 0.120347, 11.6169, 0.168471, -108.355, 0.0480773, 71.5699
1, 960.00000, 224.156, -30.1818, 224.271, -150.196, 224.36, 89.825, 0.00408481, 7.17245, 0.168635, 131.623, 0.120388, 11.6083, 0.192548, -108.369, 0.0636568, 30.6504
1, 1020.00000, 224.156, -30.1818, 224.271, -150.196, 224.36, 89.825, 0.0040848, 7.17215, 0.168635, 131.623, 0.120388, 11.6083, 0.192548, -108.369, 0.0636568, 30.6502
1, 1080.00000, 224.156, -30.1818, 224.271, -150.196, 224.36, 89.825, 0.0040848, 7.17215, 0.168635, 131.623, 0.120388, 11.6083, 0.192548, -108.369, 0.0636568, 30.6502
1, 1140.00000, 224.156, -30.1818, 224.271, -150.196, 224.36, 89.825, 0.0040848, 7.17215, 0.168635, 131.623, 0.120388, 11.6083, 0.192548, -108.369, 0.0636568, 30.6502
1, 1200.00000, 224.156, -30.1818, 224.271, -150.196, 224.36, 89.825, 0.0040848, 7.17215, 0.168635, 131.623, 0.120388, 11.6083, 0.192548, -108.369, 0.0636568, 30.6502
1, 1260.00000, 224.19, -30.1688, 224.251, -150.188, 224.378, 89.8247, 0.00454346, -97.1488, 0.120435, 131.637, 0.144482, 11.6158, 0.144396, -108.37, 0.024035, 131.728
1, 1320.00000, 224.19, -30.1688, 224.251, -150.188, 224.378, 89.8247, 0.00454346, -97.1486, 0.120435, 131.637, 0.144482, 11.6158, 0.144396, -108.37, 0.024035, 131.728
1, 1380.00000, 224.19, -30.1688, 224.251, -150.188, 224.378, 89.8247, 0.00454346, -97.1486, 0.120435, 131.637, 0.144482, 11.6158, 0.144396, -108.37, 0.024035, 131.728
1, 1440.00000, 224.19, -30.1688, 224.251, -150.188, 224.378, 89.8247, 0.00454346, -97.1486, 0.120435, 131.637, 0.144482, 11.6158, 0.144396, -108.37, 0.024035, 131.728
1, 1500.00000, 224.19, -30.1688, 224.251, -150.188, 224.378, 89.8247, 0.00454346, -97.1486, 0.120435, 131.637, 0.144482, 11.6158, 0.144396, -108.37, 0.024035, 131.728
1, 1560.00000, 224.206, -30.1827, 224.374, -150.175, 224.321, 89.8273, 0.0022366, -30.7807, 0.144511, 131.622, 0.168468, 11.6296, 0.192581, -108.367, 0.0416259, 101.557
1, 1620.00000, 224.206, -30.1827, 224.374, -150.175, 224.321, 89.8273, 0.00223659, -30.7806, 0.144511, 131.622, 0.168468, 11.6296, 0.19258, -108.367, 0.0416259, 101.557
1, 1680.00000, 224.206, -30.1827, 224.374, -150.175, 224.321, 89.8273, 0.00223659, -30.7806, 0.144511, 131.622, 0.168468, 11.6296, 0.19258, -108.367, 0.0416259, 101.557
1, 1740.00000, 224.206, -30.1827, 224.374, -150.175, 224.321, 89.8273, 0.00223659, -30.7806, 0.144511, 131.622, 0.168468, 11.6296, 0.19258, -108.367, 0.0416259, 101.557
1, 1800.00000, 224.206, -30.1827, 224.374, -150.175, 224.321, 89.8273, 0.00223659, -30.7806, 0.144511, 131.622, 0.168468, 11.6296, 0.19258, -108.367, 0.0416259, 101.557
1, 1860.00000, 224.152, -30.1809, 224.311, -150.183, 224.346, 89.8317, 0.00630331, -45.2677, 0.216822, 131.625, 0.120366, 11.6211, 0.120348, -108.362, 0.096434, -48.3905
1, 1920.00000, 224.152, -30.1809, 224.311, -150.183, 224.346, 89.8317, 0.00630333, -45.2691, 0.216823, 131.625, 0.120367, 11.621, 0.120347, -108.362, 0.0964351, -48.3916
1, 1980.00000, 224.152, -30.1809, 224.311, -150.183, 224.346, 89.8317, 0.00630333, -45.2691, 0.216823, 131.625, 0.120367, 11.621, 0.120347, -108.362, 0.0964351, -48.3916
1, 2040.00000, 224.152, -30.1809, 224.311, -150.183, 224.346, 89.8317, 0.00630333, -45.2691, 0.216823, 131.625, 0.120367, 11.621, 0.120347, -108.362, 0.0964351, -48.3916
1, 2100.00000, 224.152, -30.1809, 224.311, -150.183, 224.346, 89.8317, 0.00630333, -45.2691, 0.216823, 131.625, 0.120367, 11.621, 0.120347, -108.362, 0.0964351, -48.3916
1, 2160.00000, 224.206, -30.173, 224.25, -150.184, 224.35, 89.8236, 0.0047968, -96.0489, 0.168598, 131.633, 0.168563, 11.6199, 0.144413, -108.371, 0.0241337, -108.314
1, 2220.00000, 224.206, -30.173, 224.25, -150.184, 224.35, 89.8236, 0.00479659, -96.0492, 0.168596, 131.633, 0.168564, 11.6199, 0.144414, -108.371, 0.0241324, -108.319
1, 2280.00000, 224.206, -30.173, 224.25, -150.184, 224.35, 89.8236, 0.00479659, -96.0492, 0.168596, 131.633, 0.168564, 11.6199, 0.144414, -108.371, 0.0241324, -108.319
1, 2340.00000, 224.206, -30.173, 224.25, -150.184, 224.35, 89.8236, 0.00479659, -96.0492, 0.168596, 131.633, 0.168564, 11.6199, 0.144414, -108.371, 0.0241324, -108.319
1, 2400.00000, 224.206, -30.173, 224.25, -150.184, 224.35, 89.8236, 0.00479659, -96.0492, 0.168596, 131.633, 0.168564, 11.6199, 0.144414, -108.371, 0.0241324, -108.319
1, 2460.00000, 224.232, -30.1792, 224.357, -150.17, 224.294, 89.8295, 0.00481019, -16.3487, 0.144497, 131.626, 0.120344, 11.6342, 0.168526, -108.364, 0.0417029, 41.555
1, 2520.00000, 224.232, -30.1792, 224.357, -150.17, 224.294, 89.8296, 0.00481038, -16.3471, 0.144496, 131.626, 0.120342, 11.6342, 0.168528, -108.364, 0.0417061, 41.5561
1, 2580.00000, 224.232, -30.1792, 224.357, -150.17, 224.294, 89.8296, 0.00481038, -16.3471, 0.144496, 131.626, 0.120342, 11.6342, 0.168528, -108.364, 0.0417061, 41.5561
1, 2640.00000, 224.232, -30.1792, 224.357, -150.17, 224.294, 89.8296, 0.00481038, -16.3471, 0.144496, 131.626, 0.120342, 11.6342, 0.168528, -108.364, 0.0417061, 41.5561
1, 2700.00000, 224.232, -30.1792, 224.357, -150.17, 224.294, 89.8296, 0.00481038, -16.3471, 0.144496, 131.626, 0.120342, 11.6342, 0.168528, -108.364, 0.0417061, 41.5561
1, 2760.00000, 224.231, -30.1725, 224.303, -150.183, 224.378, 89.8229, 0.0031734, -53.5553, 0.144496, 131.633, 0.120372, 11.621, 0.168464, -108.372, 0.0416677, 41.5403
1, 2820.00000, 224.231, -30.1725, 224.303, -150.183, 224.378, 89.8229, 0.00317339, -53.5551, 0.144496, 131.633, 0.120373, 11.621, 0.168464, -108.372, 0.0416676, 41.5405
1, 2880.00000, 224.231, -30.1725, 224.303, -150.183, 224.378, 89.8229, 0.00317339, -53.5551, 0.144496, 131.633, 0.120373, 11.621, 0.168464, -108.372, 0.0416676, 41.5405
1, 2940.00000, 224.231, -30.1725, 224.303, -150.183, 224.378, 89.8229, 0.00317339, -53.5551, 0.144496, 131.633, 0.120373, 11.621, 0.168464, -108.372, 0.0416676, 41.5405
1, 3000.00000, 224.231, -30.1725, 224.303, -150.183, 224.378, 89.8229, 0.00317339, -53.5551, 0.144496, 131.633, 0.120373, 11.621, 0.168464, -108.372, 0.0416676, 41.5405
1, 3060.00000, 224.157, -30.1844, 224.388, -150.181, 224.344, 89.8317, 0.00432028, -55.9823, 0.168633, 131.621, 0.120329, 11.6229, 0.144419, -108.363, 0.0417935, -18.4674
1, 3120.00000, 224.157, -30.1844, 224.388, -150.181, 224.344, 89.8317, 0.00432058, -55.9831, 0.168635, 131.621, 0.120327, 11.6229, 0.144419, -108.363, 0.0417964, -18.4682
1, 3180.00000, 224.157, -30.1844, 224.388, -150.181, 224.344, 89.8317, 0.00432058, -55.9831, 0.168635, 131.621, 0.120327, 11.6229, 0.144419, -108.363, 0.0417964, -18.4681
1, 3240.00000, 224.157, -30.1844, 224.388, -150.181, 224.344, 89.8317, 0.00432058, -55.9831, 0.168635, 131.621, 0.120327, 11.6229, 0.144419, -108.363, 0.0417964, -18.4681
1, 3300.00000, 224.157, -30.1844, 224.388, -150.181, 224.344, 89.8317, 0.00432058, -55.9831, 0.168635, 131.621, 0.120327, 11.6229, 0.144419, -108.363, 0.0417964, -18.4681
1, 3360.00000, 224.235, -30.1759, 224.306, -150.181, 224.309, 89.8231, 0.00294957, -47.6398, 0.168575, 131.629, 0.144445, 11.6234, 0.168516, -108.371, 0.0241022, 11.5412
1, 3420.00000, 224.235, -30.1759, 224.306, -150.181, 224.309, 89.8231, 0.00294957, -47.64, 0.168575, 131.629, 0.144445, 11.6234, 0.168516, -108.371, 0.0241023, 11.541
1, 3480.00000, 224.235, -30.1759, 224.306, -150.181, 224.309, 89.8231, 0.00294957, -47.64, 0.168575, 131.629, 0.144445, 11.6234, 0.168516, -108.371, 0.0241023, 11.541
1, 3540.00000, 224.235, -30.1759, 224.306, -150.181, 224.309, 89.8231, 0.00294957, -47.64, 0.168575, 131.629, 0.144445, 11.6234, 0.168516, -108.371, 0.0241023, 11.541
2, 0.00000, 224.235, -30.1759, 224.306, -150.181, 224.309, 89.8231, 0.00294957, -47.64, 0.168575, 131.629, 0.144445, 11.6234, 0.168516, -108.371, 0.0241023, 11.541
2, 60.00000, 224.24, -30.1634, 224.391, -150.173, 224.472, 89.8456, 0.00421797, -52.2213, 0.144491, 131.642, 0.0962602, 11.6309, 0.120281, -108.349, 0.0417402, -18.4657
2, 120.00000, 224.24, -30.1634, 224.391, -150.173, 224.472, 89.8456, 0.00421797, -52.2213, 0.144491, 131.642, 0.0962602, 11.6309, 0.120281, -108.349, 0.0417403, -18.4657
2, 180.00000, 224.24, -30.1634, 224.391, -150.173, 224.472, 89.8456, 0.00421797, -52.2213, 0.144491, 131.642, 0.0962602, 11.6309, 0.120281, -108.349, 0.0417403, -18.4657
2, 240.00000, 224.24, -30.1634, 224.391, -150.173, 224.472, 89.8456, 0.00421797, -52.2213, 0.144491, 131.642, 0.0962602, 11.6309, 0.120281, -108.349, 0.0417403, -18.4657
2, 300.00000, 224.24, -30.1634, 224.391, -150.173, 224.472, 89.8456, 0.00421797, -52.2213, 0.144491, 131.642, 0.0962602, 11.6309, 0.120281, -108.349, 0.0417403, -18.4657
2, 360.00000, 224.281, -30.1586, 224.401, -150.171, 224.443, 89.8415, 0.00232541, -179.477, 0.120383, 131.647, 0.16845, 11.6342, 0.144357, -108.354, 0.0416434, 161.684
2, 420.00000, 224.281, -30.1586, 224.401, -150.171, 224.443, 89.8415, 0.00232541, -179.477, 0.120383, 131.647, 0.16845, 11.6342, 0.144357, -108.354, 0.0416433, 161.684
2, 480.00000, 224.281, -30.1586, 224.401, -150.171, 224.443, 89.8415, 0.00232541, -179.477, 0.120383, 131.647, 0.16845, 11.6342, 0.144357, -108.354, 0.0416433, 161.684
2, 540.00000, 224.281, -30.1586, 224.401, -150.171, 224.443, 89.8415, 0.00232541, -179.477, 0.120383, 131.647, 0.16845, 11.6342, 0.144357, -108.354, 0.0416433, 161.684
2, 600.00000, 224.281, -30.1586, 224.401, -150.171, 224.443, 89.8415, 0.00232541, -179.477, 0.120383, 131.647, 0.16845, 11.6342, 0.144357, -108.354, 0.0416433, 161.684
2, 660.00000, 224.296, -30.1572, 224.419, -150.165, 224.457, 89.8486, 0.00348021, -50.923, 0.168531, 131.648, 0.0962485, 11.6393, 0.120289, -108.346, 0.0637345, -29.2844
2, 720.00000, 224.296, -30.1572, 224.419, -150.165, 224.457, 89.8486, 0.0034802, -50.9228, 0.16853, 131.648, 0.0962482, 11.6393, 0.120289, -108.346, 0.0637344, -29.2844
2, 780.00000, 224.296, -30.1572, 224.419, -150.165, 224.457, 89.8486, 0.0034802, -50.9228, 0.16853, 131.648, 0.0962482, 11.6393, 0.120289, -108.346, 0.0637344, -29.2844
2, 840.00000, 224.296, -30.1572, 224.419, -150.165, 224.457, 89.8486, 0.0034802, -50.9228, 0.16853, 131.648, 0.0962482, 11.6393, 0.120289, -108.346, 0.0637344, -29.2844
2, 900.00000, 224.296, -30.1572, 224.419, -150.165, 224.457, 89.8486, 0.0034802, -50.9228, 0.16853, 131.648, 0.0962482, 11.6393, 0.120289, -108.346, 0.0637344, -29.2844
2, 960.00000, 224.251, -30.1673, 224.433, -150.171, 224.385, 89.8439, 0.0023687, -31.6613, 0.120402, 131.638, 0.096242, 11.6339, 0.144394, -108.35, 0.0416893, 41.5648
2, 1020.00000, 224.251, -30.1673, 224.433, -150.171, 224.385, 89.8439, 0.00236869, -31.6613, 0.120402, 131.638, 0.0962421, 11.6339, 0.144394, -108.35, 0.0416892, 41.5649
2, 1080.00000, 224.251, -30.1673, 224.433, -150.171, 224.385, 89.8439, 0.00236869, -31.6613, 0.120402, 131.638, 0.0962421, 11.6339, 0.144394, -108.35, 0.0416892, 41.5649
2, 1140.00000, 224.251, -30.1673, 224.433, -150.171, 224.385, 89.8439, 0.00236869, -31.6613, 0.120402, 131.638, 0.0962421, 11.6339, 0.144394, -108.35, 0.0416892, 41.5649
2, 1200.00000, 224.251, -30.1673, 224.433, -150.171, 224.385, 89.8439, 0.00236869, -31.6613, 0.120402, 131.638, 0.0962421, 11.6339, 0.144394, -108.35, 0.0416892, 41.5649
2, 1260.00000, 224.402, -30.1571, 224.374, -150.159, 224.379, 89.8319, 0.00130195, -34.2067, 0.144386, 131.648, 0.168468, 11.6457, 0.192531, -108.363, 0.0416834, 101.618
2, 1320.00000, 224.401, -30.1581, 224.373, -150.16, 224.377, 89.8308, 0.00130184, -34.2001, 0.144385, 131.647, 0.168469, 11.6446, 0.192532, -108.364, 0.0416854, 101.619
2, 1380.00000, 224.401, -30.1581, 224.373, -150.16, 224.377, 89.8308, 0.00130184, -34.2001, 0.144385, 131.647, 0.168469, 11.6446, 0.192532, -108.364, 0.0416855, 101.619
2, 1440.00000, 224.401, -30.1581, 224.373, -150.16, 224.377, 89.8308, 0.00130184, -34.2001, 0.144385, 131.647, 0.168469, 11.6446, 0.192532, -108.364, 0.0416855, 101.619
2, 1500.00000, 224.401, -30.1581, 224.373, -150.16, 224.377, 89.8308, 0.00130184, -34.2001, 0.144385, 131.647, 0.168469, 11.6446, 0.192532, -108.364, 0.0416855, 101.619
2, 1560.00000, 224.307, -30.1624, 224.4, -150.165, 224.417, 89.8389, 0.00168292, -63.079, 0.144446, 131.643, 0.168449, 11.6399, 0.168435, -108.356, 0.0240077, 131.665
2, 1620.00000, 224.307, -30.1624, 224.4, -150.165, 224.417, 89.8389, 0.00168292, -63.0789, 0.144446, 131.643, 0.168449, 11.6399, 0.168435, -108.356, 0.0240076, 131.665
2, 1680.00000, 224.307, -30.1624, 224.4, -150.165, 224.417, 89.8389, 0.00168292, -63.0789, 0.144446, 131.643, 0.168449, 11.6399, 0.168435, -108.356, 0.0240076, 131.665
2, 1740.00000, 224.307, -30.1624, 224.4, -150.165, 224.417, 89.8389, 0.00168292, -63.0789, 0.144446, 131.643, 0.168449, 11.6399, 0.168435, -108.356, 0.0240076, 131.665
2, 1800.00000, 224.307, -30.1624, 224.4, -150.165, 224.417, 89.8389, 0.00168292, -63.0789, 0.144446, 131.643, 0.168449, 11.6399, 0.168435, -108.356, 0.0240076, 131.665
2, 1860.00000, 224.298, -30.1553, 224.377, -150.168, 224.44, 89.8383, 0.00147376, -164.612, 0.120375, 131.65, 0.192534, 11.6368, 0.168419, -108.357, 0.063636, 150.778
2, 1920.00000, 224.298, -30.1553, 224.377, -150.168, 224.44, 89.8383, 0.00147378, -164.611, 0.120375, 131.65, 0.192534, 11.6368, 0.168419, -108.357, 0.0636358, 150.778
2, 1980.00000, 224.298, -30.1553, 224.377, -150.168, 224.44, 89.8383, 0.00147378, -164.611, 0.120375, 131.65, 0.192534, 11.6368, 0.168419, -108.357, 0.0636358, 150.778
2, 2040.00000, 224.298, -30.1553, 224.377, -150.168, 224.44, 89.8383, 0.00147378, -164.611, 0.120375, 131.65, 0.192534, 11.6368, 0.168419, -108.357, 0.0636358, 150.778
2, 2100.00000, 224.298, -30.1553, 224.377, -150.168, 224.44, 89.8383, 0.00147378, -164.611, 0.120375, 131.65, 0.192534, 11.6368, 0.168419, -108.357, 0.0636358, 150.778
2, 2160.00000, 224.263, -30.1614, 224.424, -150.174, 224.462, 89.8456, 0.00301834, -48.8497, 0.168554, 131.644, 0.168431, 11.6306, 0.168402, -108.349, 8.68603E-005, -59.3602
2, 2220.00000, 224.263, -30.1615, 224.424, -150.174, 224.462, 89.8456, 0.00301841, -48.8505, 0.168555, 131.644, 0.168431, 11.6306, 0.168401, -108.349, 8.76795E-005, -59.404
2, 2280.00000, 224.263, -30.1615, 224.424, -150.174, 224.462, 89.8456, 0.00301841, -48.8505, 0.168555, 131.644, 0.168431, 11.6306, 0.168401, -108.349, 8.76826E-005, -59.4051
2, 2340.00000, 224.263, -30.1615, 224.424, -150.174, 224.462, 89.8456, 0.00301841, -48.8505, 0.168555, 131.644, 0.168431, 11.6306, 0.168401, -108.349, 8.76826E-005, -59.4051
2, 2400.00000, 224.263, -30.1615, 224.424, -150.174, 224.462, 89.8456, 0.00301841, -48.8505, 0.168555, 131.644, 0.168431, 11.6306, 0.168401, -108.349, 8.76826E-005, -59.4051
2, 2460.00000, 224.288, -30.161, 224.413, -150.167, 224.451, 89.8431, 0.00232423, 1.09855, 0.144458, 131.644, 0.0962501, 11.6377, 0.19247, -108.351, 0.0833261, 41.5927
2, 2520.00000, 224.288, -30.161, 224.413, -150.167, 224.451, 89.8431, 0.00232423, 1.09722, 0.144459, 131.644, 0.0962501, 11.6377, 0.19247, -108.351, 0.0833253, 41.5921
2, 2580.00000, 224.288, -30.161, 224.413, -150.167, 224.451, 89.8431, 0.00232423, 1.0972, 0.144459, 131.644, 0.0962501, 11.6377, 0.19247, -108.351, 0.0833253, 41.5921
2, 2640.00000, 224.288, -30.161, 224.413, -150.167, 224.451, 89.8431, 0.00232423, 1.0972, 0.144459, 131.644, 0.0962501, 11.6377, 0.19247, -108.351, 0.0833253, 41.5921
2, 2700.00000, 224.288, -30.161, 224.413, -150.167, 224.451, 89.8431, 0.00232423, 1.0972, 0.144459, 131.644, 0.0962501, 11.6377, 0.19247, -108.351, 0.0833253, 41.5921
2, 2760.00000, 224.245, -30.1633, 224.432, -150.171, 224.479, 89.8535, 0.000574652, -76.2634, 0.0963235, 131.642, 0.144364, 11.6336, 0.16839, -108.341, 0.0636087, 112.562
2, 2820.00000, 224.245, -30.1633, 224.432, -150.171, 224.479, 89.8535, 0.000574687, -76.2707, 0.0963234, 131.642, 0.144364, 11.6336, 0.168389, -108.341, 0.0636085, 112.563
2, 2880.00000, 224.245, -30.1633, 224.432, -150.171, 224.479, 89.8535, 0.000574687, -76.2707, 0.0963234, 131.642, 0.144364, 11.6336, 0.168389, -108.341, 0.0636085, 112.563
2, 2940.00000, 224.245, -30.1633, 224.432, -150.171, 224.479, 89.8535, 0.000574687, -76.2707, 0.0963234, 131.642, 0.144364, 11.6336, 0.168389, -108.341, 0.0636085, 112.563
2, 3000.00000, 224.245, -30.1633, 224.432, -150.171, 224.479, 89.8535, 0.000574687, -76.2707, 0.0963234, 131.642, 0.144364, 11.6336, 0.168389, -108.341, 0.0636085, 112.563
2, 3060.00000, 224.323, -30.1632, 224.475, -150.164, 224.438, 89.8397, 0.00300912, -24.4861, 0.168509, 131.642, 0.144336, 11.6402, 0.16842, -108.354, 0.0241189, 11.4805
2, 3120.00000, 224.323, -30.1632, 224.475, -150.164, 224.438, 89.8397, 0.00300912, -24.4859, 0.168509, 131.642, 0.144336, 11.6402, 0.16842, -108.354, 0.0241191, 11.4809
2, 3180.00000, 224.323, -30.1632, 224.475, -150.164, 224.438, 89.8397, 0.00300912, -24.4859, 0.168509, 131.642, 0.144336, 11.6402, 0.16842, -108.354, 0.0241191, 11.4809
2, 3240.00000, 224.323, -30.1632, 224.475, -150.164, 224.438, 89.8397, 0.00300912, -24.4859, 0.168509, 131.642, 0.144336, 11.6402, 0.16842, -108.354, 0.0241191, 11.4809
2, 3300.00000, 224.323, -30.1632, 224.475, -150.164, 224.438, 89.8397, 0.00300912, -24.4859, 0.168509, 131.642, 0.144336, 11.6402, 0.16842, -108.354, 0.0241191, 11.4809
2, 3360.00000, 224.306, -30.1547, 224.343, -150.177, 224.489, 89.8423, 0.00379468, -118.594, 0.144445, 131.651, 0.144423, 11.628, 0.144326, -108.353, 5.76532E-005, -107.613
2, 3420.00000, 224.306, -30.1547, 224.343, -150.177, 224.489, 89.8423, 0.00379469, -118.594, 0.144445, 131.651, 0.144424, 11.628, 0.144326, -108.353, 5.78939E-005, -107.696
2, 3480.00000, 224.306, -30.1547, 224.343, -150.177, 224.489, 89.8423, 0.00379469, -118.594, 0.144445, 131.651, 0.144424, 11.628, 0.144326, -108.353, 5.78957E-005, -107.696
2, 3540.00000, 224.306, -30.1547, 224.343, -150.177, 224.489, 89.8423, 0.00379469, -118.594, 0.144445, 131.651, 0.144424, 11.628, 0.144326, -108.353, 5.78957E-005, -107.696
3, 0.00000, 224.306, -30.1547, 224.343, -150.177, 224.489, 89.8423, 0.00379469, -118.594, 0.144445, 131.651, 0.144424, 11.628, 0.144326, -108.353, 5.78957E-005, -107.696
3, 60.00000, 224.28, -30.1611, 224.442, -150.18, 224.49, 89.8443, 0.00447962, -54.1972, 0.19262, 131.644, 0.120298, 11.6237, 0.120271, -108.35, 0.072287, -48.3619
3, 120.00000, 224.28, -30.1611, 224.442, -150.18, 224.49, 89.8442, 0.00447961, -54.1972, 0.192619, 131.644, 0.120298, 11.6237, 0.120271, -108.35, 0.072287, -48.3618
3, 180.00000, 224.28, -30.1611, 224.442, -150.18, 224.49, 89.8442, 0.00447961, -54.1972, 0.192619, 131.644, 0.120298, 11.6237, 0.120271, -108.35, 0.072287, -48.3618
3, 240.00000, 224.28, -30.1611, 224.442, -150.18, 224.49, 89.8442, 0.00447961, -54.1972, 0.192619, 131.644, 0.120298, 11.6237, 0.120271, -108.35, 0.072287, -48.3618
3, 300.00000, 224.28, -30.1611, 224.442, -150.18, 224.49, 89.8442, 0.00447961, -54.1972, 0.192619, 131.644, 0.120298, 11.6237, 0.120271, -108.35, 0.072287, -48.3618
3, 360.00000, 224.35, -30.149, 224.33, -150.178, 224.535, 89.8365, 0.00387471, -123.494, 0.120348, 131.657, 0.144432, 11.6269, 0.120247, -108.359, 0.0241056, -168.277
3, 420.00000, 224.35, -30.149, 224.33, -150.178, 224.535, 89.8365, 0.00387471, -123.494, 0.120348, 131.657, 0.144432, 11.6269, 0.120247, -108.359, 0.0241057, -168.277
3, 480.00000, 224.35, -30.149, 224.33, -150.178, 224.535, 89.8365, 0.00387471, -123.494, 0.120348, 131.657, 0.144432, 11.6269, 0.120247, -108.359, 0.0241057, -168.277
3, 540.00000, 224.35, -30.149, 224.33, -150.178, 224.535, 89.8365, 0.00387471, -123.494, 0.120348, 131.657, 0.144432, 11.6269, 0.120247, -108.359, 0.0241057, -168.277
3, 600.00000, 224.35, -30.149, 224.33, -150.178, 224.535, 89.8365, 0.00387471, -123.494, 0.120348, 131.657, 0.144432, 11.6269, 0.120247, -108.359, 0.0241057, -168.277
3, 660.00000, 224.333, -30.1633, 224.425, -150.165, 224.415, 89.8368, 0.00278026, -70.6255, 0.144429, 131.642, 0.120309, 11.6391, 0.144372, -108.358, 0.0240917, 11.5408
3, 720.00000, 224.333, -30.1633, 224.425, -150.165, 224.415, 89.8368, 0.00278037, -70.6223, 0.144429, 131.642, 0.120307, 11.6392, 0.144374, -108.358, 0.0240943, 11.5428
3, 780.00000, 224.333, -30.1633, 224.425, -150.165, 224.415, 89.8368, 0.00278037, -70.6223, 0.144429, 131.642, 0.120307, 11.6392, 0.144374, -108.358, 0.0240943, 11.5428
3, 840.00000, 224.333, -30.1633, 224.425, -150.165, 224.415, 89.8368, 0.00278037, -70.6223, 0.144429, 131.642, 0.120307, 11.6392, 0.144374, -108.358, 0.0240943, 11.5428
3, 900.00000, 224.333, -30.1633, 224.425, -150.165, 224.415, 89.8368, 0.00278037, -70.6223, 0.144429, 131.642, 0.120307, 11.6392, 0.144374, -108.358, 0.0240943, 11.5428
3, 960.00000, 224.323, -30.1598, 224.41, -150.172, 224.473, 89.8346, 0.00512254, -84.5834, 0.168509, 131.646, 0.14438, 11.6324, 0.120279, -108.36, 0.0417402, -78.3179
3, 1020.00000, 224.322, -30.1606, 224.409, -150.172, 224.472, 89.8337, 0.00512256, -84.5838, 0.16851, 131.646, 0.144381, 11.6315, 0.120279, -108.361, 0.0417403, -78.3187
3, 1080.00000, 224.322, -30.1606, 224.409, -150.172, 224.472, 89.8337, 0.00512257, -84.5838, 0.16851, 131.646, 0.144381, 11.6315, 0.12028, -108.361, 0.0417403, -78.3188
3, 1140.00000, 224.322, -30.1606, 224.409, -150.172, 224.472, 89.8337, 0.00512257, -84.5838, 0.16851, 131.646, 0.144381, 11.6315, 0.12028, -108.361, 0.0417403, -78.3188
3, 1200.00000, 224.322, -30.1606, 224.409, -150.172, 224.472, 89.8337, 0.00512257, -84.5838, 0.16851, 131.646, 0.144381, 11.6315, 0.12028, -108.361, 0.0417403, -78.3188
3, 1260.00000, 224.329, -30.1717, 224.443, -150.174, 224.445, 89.8426, 0.00306446, -37.5125, 0.144433, 131.633, 0.120297, 11.63, 0.144355, -108.352, 0.0240643, 11.5351
3, 1320.00000, 224.329, -30.1717, 224.443, -150.174, 224.445, 89.8426, 0.00306447, -37.5126, 0.144433, 131.633, 0.120297, 11.63, 0.144355, -108.352, 0.0240643, 11.5348
3, 1380.00000, 224.329, -30.1717, 224.443, -150.174, 224.445, 89.8426, 0.00306447, -37.5126, 0.144433, 131.633, 0.120297, 11.63, 0.144355, -108.352, 0.0240643, 11.5348
3, 1440.00000, 224.329, -30.1717, 224.443, -150.174, 224.445, 89.8426, 0.00306447, -37.5126, 0.144433, 131.633, 0.120297, 11.63, 0.144355, -108.352, 0.0240643, 11.5348
3, 1500.00000, 224.329, -30.1717, 224.443, -150.174, 224.445, 89.8426, 0.00306447, -37.5126, 0.144433, 131.633, 0.120297, 11.63, 0.144355, -108.352, 0.0240643, 11.5348
3, 1560.00000, 224.277, -30.1681, 224.462, -150.174, 224.471, 89.8424, 0.00447333, -46.0307, 0.168545, 131.637, 0.0721723, 11.63, 0.144338, -108.352, 0.0868086, -2.32201
3, 1620.00000, 224.277, -30.1681, 224.462, -150.174, 224.471, 89.8424, 0.00447332, -46.0307, 0.168545, 131.637, 0.0721723, 11.63, 0.144338, -108.352, 0.0868086, -2.322
3, 1680.00000, 224.277, -30.1681, 224.462, -150.174, 224.471, 89.8424, 0.00447332, -46.0307, 0.168545, 131.637, 0.0721723, 11.63, 0.144338, -108.352, 0.0868086, -2.322
3, 1740.00000, 224.277, -30.1681, 224.462, -150.174, 224.471, 89.8424, 0.00447332, -46.0307, 0.168545, 131.637, 0.0721723, 11.63, 0.144338, -108.352, 0.0868086, -2.322
3, 1800.00000, 224.277, -30.1681, 224.462, -150.174, 224.471, 89.8424, 0.00447332, -46.0307, 0.168545, 131.637, 0.0721723, 11.63, 0.144338, -108.352, 0.0868086, -2.322
3, 1860.00000, 224.296, -30.1586, 224.391, -150.181, 224.483, 89.8401, 0.00201799, -163.454, 0.0963009, 131.647, 0.168457, 11.6245, 0.120276, -108.355, 0.0636674, 172.553
3, 1920.00000, 224.296, -30.1586, 224.391, -150.181, 224.483, 89.8401, 0.00201799, -163.454, 0.0963008, 131.647, 0.168457, 11.6245, 0.120276, -108.355, 0.0636674, 172.553
3, 1980.00000, 224.296, -30.1586, 224.391, -150.181, 224.483, 89.8401, 0.00201799, -163.454, 0.0963008, 131.647, 0.168457, 11.6245, 0.120276, -108.355, 0.0636674, 172.553
3, 2040.00000, 224.296, -30.1586, 224.391, -150.181, 224.483, 89.8401, 0.00201799, -163.454, 0.0963008, 131.647, 0.168457, 11.6245, 0.120276, -108.355, 0.0636674, 172.553
3, 2100.00000, 224.296, -30.1586, 224.391, -150.181, 224.483, 89.8401, 0.00201799, -163.454, 0.0963008, 131.647, 0.168457, 11.6245, 0.120276, -108.355, 0.0636674, 172.553
3, 2160.00000, 224.356, -30.1743, 224.454, -150.16, 224.337, 89.8301, 0.00272478, -69.0861, 0.144415, 131.631, 0.14435, 11.6444, 0.144424, -108.365, 6.29654E-005, -6.83303
3, 2220.00000, 224.356, -30.1743, 224.454, -150.16, 224.337, 89.8301, 0.00272478, -69.086, 0.144415, 131.631, 0.14435, 11.6444, 0.144424, -108.365, 6.30331E-005, -6.74726
3, 2280.00000, 224.356, -30.1743, 224.454, -150.16, 224.337, 89.8301, 0.00272478, -69.086, 0.144415, 131.631, 0.14435, 11.6444, 0.144424, -108.365, 6.30335E-005, -6.74667
3, 2340.00000, 224.356, -30.1743, 224.454, -150.16, 224.337, 89.8301, 0.00272478, -69.086, 0.144415, 131.631, 0.14435, 11.6444, 0.144424, -108.365, 6.30335E-005, -6.74666
3, 2400.00000, 224.356, -30.1743, 224.454, -150.16, 224.337, 89.8301, 0.00272478, -69.086, 0.144415, 131.631, 0.14435, 11.6444, 0.144424, -108.365, 6.30335E-005, -6.74666
3, 2460.00000, 224.283, -30.1713, 224.423, -150.178, 224.457, 89.8383, 0.00256242, -88.3016, 0.0963075, 131.634, 0.144371, 11.6263, 0.0962314, -108.357, 0.0481146, -168.321
3, 2520.00000, 224.283, -30.1713, 224.423, -150.178, 224.457, 89.8383, 0.00256242, -88.3018, 0.0963075, 131.634, 0.144371, 11.6263, 0.0962313, -108.357, 0.0481148, -168.321
3, 2580.00000, 224.283, -30.1713, 224.423, -150.178, 224.457, 89.8383, 0.00256242, -88.3018, 0.0963075, 131.634, 0.144371, 11.6263, 0.0962313, -108.357, 0.0481148, -168.321
3, 2640.00000, 224.283, -30.1713, 224.423, -150.178, 224.457, 89.8383, 0.00256242, -88.3018, 0.0963075, 131.634, 0.144371, 11.6263, 0.0962313, -108.357, 0.0481148, -168.321
3, 2700.00000, 224.283, -30.1713, 224.423, -150.178, 224.457, 89.8383, 0.00256242, -88.3018, 0.0963075, 131.634, 0.144371, 11.6263, 0.0962313, -108.357, 0.0481148, -168.321
3, 2760.00000, 224.261, -30.1689, 224.418, -150.178, 224.468, 89.8413, 0.00252988, -31.7526, 0.144476, 131.636, 0.0962487, 11.627, 0.120284, -108.353, 0.0417357, -18.4525
3, 2820.00000, 224.261, -30.1689, 224.418, -150.178, 224.468, 89.8413, 0.00252989, -31.7527, 0.144476, 131.636, 0.0962486, 11.627, 0.120284, -108.353, 0.0417358, -18.4527
3, 2880.00000, 224.261, -30.1689, 224.418, -150.178, 224.468, 89.8413, 0.00252989, -31.7527, 0.144476, 131.636, 0.0962486, 11.627, 0.120284, -108.353, 0.0417358, -18.4527
3, 2940.00000, 224.261, -30.1689, 224.418, -150.178, 224.468, 89.8413, 0.00252989, -31.7527, 0.144476, 131.636, 0.0962486, 11.627, 0.120284, -108.353, 0.0417358, -18.4527
3, 3000.00000, 224.261, -30.1689, 224.418, -150.178, 224.468, 89.8413, 0.00252989, -31.7527, 0.144476, 131.636, 0.0962486, 11.627, 0.120284, -108.353, 0.0417358, -18.4527
3, 3060.00000, 224.356, -30.161, 224.402, -150.167, 224.476, 89.8313, 0.0014607, -168.322, 0.120344, 131.644, 0.144385, 11.6383, 0.144336, -108.364, 0.0240117, 131.703
3, 3120.00000, 224.356, -30.161, 224.402, -150.167, 224.476, 89.8313, 0.00146069, -168.322, 0.120344, 131.644, 0.144385, 11.6383, 0.144336, -108.364, 0.0240117, 131.702
3, 3180.00000, 224.356, -30.161, 224.402, -150.167, 224.476, 89.8313, 0.00146069, -168.322, 0.120344, 131.644, 0.144385, 11.6383, 0.144336, -108.364, 0.0240117, 131.702
3, 3240.00000, 224.356, -30.161, 224.402, -150.167, 224.476, 89.8313, 0.00146069, -168.322, 0.120344, 131.644, 0.144385, 11.6383, 0.144336, -108.364, 0.0240117, 131.702
3, 3300.00000, 224.356, -30.161, 224.402, -150.167, 224.476, 89.8313, 0.00146069, -168.322, 0.120344, 131.644, 0.144385, 11.6383, 0.144336, -108.364, 0.0240117, 131.702
3, 3360.00000, 224.295, -30.1733, 224.41, -150.168, 224.409, 89.8372, 0.00450112, -16.5026, 0.168531, 131.632, 0.0962512, 11.6362, 0.144378, -108.357, 0.0637067, -7.5291
3, 3420.00000, 224.295, -30.1733, 224.41, -150.168, 224.409, 89.8372, 0.00450112, -16.5027, 0.168531, 131.632, 0.0962513, 11.6362, 0.144378, -108.357, 0.0637067, -7.52922
3, 3480.00000, 224.295, -30.1733, 224.41, -150.168, 224.409, 89.8372, 0.00450112, -16.5027, 0.168531, 131.632, 0.0962513, 11.6362, 0.144378, -108.357, 0.0637067, -7.52922
3, 3540.00000, 224.295, -30.1733, 224.41, -150.168, 224.409, 89.8372, 0.00450112, -16.5027, 0.168531, 131.632, 0.0962513, 11.6362, 0.144378, -108.357, 0.0637067, -7.52922
4, 0.00000, 224.293, -30.1754, 224.407, -150.17, 224.407, 89.8352, 0.00450127, -16.5044, 0.168533, 131.629, 0.0962521, 11.6341, 0.14438, -108.359, 0.0637073, -7.53126
4, 60.00000, 224.211, -30.193, 224.359, -150.203, 224.37, 89.8107, 0.000897389, 23.8454, 0.144508, 131.612, 0.144411, 11.6019, 0.168472, -108.384, 0.0240347, 71.4708
4, 120.00000, 224.211, -30.1929, 224.359, -150.203, 224.37, 89.8107, 0.00089739, 23.8465, 0.144507, 131.612, 0.144411, 11.6019, 0.168472, -108.384, 0.0240351, 71.4711
4, 180.00000, 224.211, -30.1929, 224.359, -150.203, 224.37, 89.8107, 0.00089739, 23.8465, 0.144507, 131.612, 0.144411, 11.6019, 0.168472, -108.384, 0.0240351, 71.4711
4, 240.00000, 224.211, -30.1929, 224.359, -150.203, 224.37, 89.8107, 0.00089739, 23.8465, 0.144507, 131.612, 0.144411, 11.6019, 0.168472, -108.384, 0.0240351, 71.4711
4, 300.00000, 224.211, -30.1929, 224.359, -150.203, 224.37, 89.8107, 0.00089739, 23.8465, 0.144507, 131.612, 0.144411, 11.6019, 0.168472, -108.384, 0.0240351, 71.4711
4, 360.00000, 224.231, -30.1921, 224.335, -150.207, 224.419, 89.8131, 0.00345421, -135.145, 0.144494, 131.614, 0.144429, 11.5974, 0.144372, -108.382, 5.9746E-005, -82.828
4, 420.00000, 224.231, -30.1921, 224.335, -150.207, 224.419, 89.8131, 0.00345422, -135.145, 0.144494, 131.614, 0.144429, 11.5974, 0.144371, -108.382, 5.9874E-005, -83.1639
4, 480.00000, 224.231, -30.1921, 224.335, -150.207, 224.419, 89.8131, 0.00345422, -135.145, 0.144494, 131.614, 0.144429, 11.5974, 0.144371, -108.382, 5.9879E-005, -83.1659
4, 540.00000, 224.231, -30.1921, 224.335, -150.207, 224.419, 89.8131, 0.00345422, -135.145, 0.144494, 131.614, 0.144429, 11.5974, 0.144371, -108.382, 5.98791E-005, -83.1658
4, 600.00000, 224.231, -30.1921, 224.335, -150.207, 224.419, 89.8131, 0.00345422, -135.145, 0.144494, 131.614, 0.144429, 11.5974, 0.144371, -108.382, 5.98791E-005, -83.1658
4, 660.00000, 224.25, -30.1955, 224.382, -150.2, 224.39, 89.8122, 0.00390177, -114.693, 0.144482, 131.611, 0.168465, 11.605, 0.0721944, -108.383, 0.0867908, -122.247
4, 720.00000, 224.25, -30.1955, 224.382, -150.2, 224.39, 89.8122, 0.00390177, -114.693, 0.144482, 131.611, 0.168465, 11.605, 0.0721944, -108.383, 0.0867908, -122.247
4, 780.00000, 224.25, -30.1955, 224.382, -150.2, 224.39, 89.8122, 0.00390177, -114.693, 0.144482, 131.611, 0.168465, 11.605, 0.0721944, -108.383, 0.0867908, -122.247
4, 840.00000, 224.25, -30.1955, 224.382, -150.2, 224.39, 89.8122, 0.00390177, -114.693, 0.144482, 131.611, 0.168465, 11.605, 0.0721944, -108.383, 0.0867908, -122.247
4, 900.00000, 224.25, -30.1955, 224.382, -150.2, 224.39, 89.8122, 0.00390177, -114.693, 0.144482, 131.611, 0.168465, 11.605, 0.0721944, -108.383, 0.0867908, -122.247
4, 960.00000, 224.278, -30.1969, 224.385, -150.188, 224.34, 89.8076, 0.00588759, -71.1352, 0.120389, 131.609, 0.12033, 11.6159, 0.0962795, -108.387, 0.024092, -108.268
4, 1020.00000, 224.278, -30.1969, 224.385, -150.188, 224.34, 89.8076, 0.00588756, -71.1343, 0.120389, 131.609, 0.120329, 11.6159, 0.0962799, -108.387, 0.0240911, -108.268
4, 1080.00000, 224.278, -30.1969, 224.385, -150.188, 224.34, 89.8076, 0.00588756, -71.1343, 0.120389, 131.609, 0.120329, 11.6159, 0.0962799, -108.387, 0.0240911, -108.268
4, 1140.00000, 224.276, -30.1985, 224.384, -150.189, 224.338, 89.8059, 0.00588763, -71.1352, 0.120389, 131.608, 0.12033, 11.6142, 0.0962806, -108.388, 0.0240913, -108.269
4, 1200.00000, 224.276, -30.1985, 224.384, -150.189, 224.338, 89.8059, 0.00588764, -71.1352, 0.12039, 131.608, 0.12033, 11.6142, 0.0962807, -108.388, 0.0240914, -108.269
4, 1260.00000, 224.264, -30.2018, 224.371, -150.193, 224.303, 89.8025, 0.00564375, -76.3834, 0.192634, 131.604, 0.144405, 11.6109, 0.096295, -108.392, 0.0834455, -78.3582
4, 1320.00000, 224.264, -30.2018, 224.371, -150.193, 224.303, 89.8025, 0.00564374, -76.3832, 0.192634, 131.604, 0.144405, 11.6109, 0.0962958, -108.392, 0.0834445, -78.3581
4, 1380.00000, 224.264, -30.2018, 224.371, -150.193, 224.303, 89.8025, 0.00564374, -76.3832, 0.192634, 131.604, 0.144405, 11.6109, 0.0962958, -108.392, 0.0834445, -78.3581
4, 1440.00000, 224.264, -30.2018, 224.371, -150.193, 224.303, 89.8025, 0.00564374, -76.3832, 0.192634, 131.604, 0.144405, 11.6109, 0.0962958, -108.392, 0.0834445, -78.3581
4, 1500.00000, 224.264, -30.2018, 224.371, -150.193, 224.303, 89.8025, 0.00564374, -76.3832, 0.192634, 131.604, 0.144405, 11.6109, 0.0962958, -108.392, 0.0834445, -78.3581
4, 1560.00000, 224.216, -30.199, 224.33, -150.208, 224.402, 89.8088, 0.00390338, -98.4795, 0.144504, 131.607, 0.144432, 11.5967, 0.144381, -108.386, 7.24691E-005, -81.5611
4, 1620.00000, 224.216, -30.199, 224.33, -150.208, 224.402, 89.8088, 0.00390338, -98.4794, 0.144504, 131.607, 0.144432, 11.5967, 0.144381, -108.386, 7.25891E-005, -81.4993
4, 1680.00000, 224.216, -30.199, 224.33, -150.208, 224.402, 89.8088, 0.00390338, -98.4794, 0.144504, 131.607, 0.144432, 11.5967, 0.144381, -108.386, 7.25899E-005, -81.4977
4, 1740.00000, 224.216, -30.199, 224.33, -150.208, 224.402, 89.8088, 0.00390338, -98.4794, 0.144504, 131.607, 0.144432, 11.5967, 0.144381, -108.386, 7.25899E-005, -81.4977
4, 1800.00000, 224.216, -30.199, 224.33, -150.208, 224.402, 89.8088, 0.00390338, -98.4794, 0.144504, 131.607, 0.144432, 11.5967, 0.144381, -108.386, 7.25899E-005, -81.4977
4, 1860.00000, 224.214, -30.2007, 224.384, -150.199, 224.35, 89.8121, 0.00278476, -72.6507, 0.144506, 131.605, 0.168462, 11.6057, 0.144415, -108.383, 0.0240284, -168.24
4, 1920.00000, 224.214, -30.2007, 224.384, -150.199, 224.35, 89.8121, 0.00278476, -72.6507, 0.144506, 131.605, 0.168462, 11.6057, 0.144415, -108.383, 0.0240282, -168.24
4, 1980.00000, 224.216, -30.1999, 224.386, -150.198, 224.352, 89.8128, 0.00278488, -72.5507, 0.144505, 131.606, 0.168461, 11.6065, 0.144415, -108.382, 0.0240281, -168.239
4, 2040.00000, 224.214, -30.2007, 224.384, -150.199, 224.35, 89.8121, 0.00278476, -72.6507, 0.144506, 131.605, 0.168462, 11.6057, 0.144415, -108.383, 0.0240282, -168.24
4, 2100.00000, 224.215, -30.2, 224.385, -150.198, 224.351, 89.8127, 0.00278486, -72.5671, 0.144505, 131.606, 0.168461, 11.6064, 0.144415, -108.382, 0.0240281, -168.239
4, 2160.00000, 224.227, -30.1946, 224.369, -150.198, 224.381, 89.81, 0.00295639, -130.537, 0.144496, 131.611, 0.144406, 11.6066, 0.144397, -108.385, 7.71547E-005, -53.0815
4, 2220.00000, 224.23, -30.1934, 224.371, -150.197, 224.383, 89.8111, 0.00295039, -130.459, 0.144494, 131.613, 0.144405, 11.6078, 0.144395, -108.384, 7.69822E-005, -53.9185
4, 2280.00000, 224.23, -30.194, 224.371, -150.198, 224.382, 89.8105, 0.00294835, -130.433, 0.144494, 131.612, 0.144406, 11.6072, 0.144395, -108.385, 7.68944E-005, -53.8953
4, 2340.00000, 224.231, -30.1937, 224.371, -150.197, 224.383, 89.8108, 0.002947, -130.415, 0.144494, 131.612, 0.144405, 11.6075, 0.144395, -108.385, 7.68468E-005, -53.8825
4, 2400.00000, 224.237, -30.1908, 224.377, -150.195, 224.388, 89.8135, 0.00293224, -130.22, 0.14449, 131.615, 0.144402, 11.6103, 0.144391, -108.382, 7.63316E-005, -53.7161
4, 2460.00000, 224.195, -30.1887, 224.385, -150.202, 224.436, 89.8248, 0.00435564, -87.1974, 0.144518, 131.617, 0.168462, 11.6018, 0.120299, -108.37, 0.0417007, -138.279
4, 2520.00000, 224.204, -30.1848, 224.392, -150.198, 224.443, 89.8285, 0.00435009, -86.8835, 0.144513, 131.621, 0.168457, 11.6057, 0.120296, -108.366, 0.0416992, -138.277
4, 2580.00000, 224.204, -30.1847, 224.392, -150.198, 224.443, 89.8285, 0.00435007, -86.8835, 0.144512, 131.621, 0.168457, 11.6057, 0.120295, -108.366, 0.041699, -138.277
4, 2640.00000, 224.204, -30.1847, 224.392, -150.198, 224.443, 89.8285, 0.00435007, -86.8834, 0.144512, 131.621, 0.168457, 11.6057, 0.120295, -108.366, 0.041699, -138.277
4, 2700.00000, 224.204, -30.1847, 224.392, -150.198, 224.443, 89.8285, 0.00435007, -86.8833, 0.144512, 131.621, 0.168457, 11.6057, 0.120295, -108.366, 0.041699, -138.277
4, 2760.00000, 224.27, -30.1858, 224.357, -150.188, 224.339, 89.813, 0.00144548, -66.8266, 0.14447, 131.62, 0.168482, 11.6172, 0.168494, -108.382, 0.0240209, 131.581
4, 2820.00000, 224.275, -30.1837, 224.361, -150.185, 224.343, 89.815, 0.00144715, -66.3188, 0.144467, 131.622, 0.168479, 11.6193, 0.168491, -108.38, 0.0240211, 131.583
4, 2880.00000, 224.276, -30.1831, 224.362, -150.185, 224.344, 89.8155, 0.00144759, -66.1922, 0.144466, 131.622, 0.168478, 11.6198, 0.168491, -108.379, 0.0240211, 131.583
4, 2940.00000, 224.279, -30.1818, 224.364, -150.184, 224.346, 89.8167, 0.00144871, -65.875, 0.144464, 131.624, 0.168476, 11.6212, 0.168489, -108.378, 0.024021, 131.584
4, 3000.00000, 224.282, -30.1805, 224.366, -150.182, 224.349, 89.8179, 0.00144987, -65.5599, 0.144462, 131.625, 0.168475, 11.6225, 0.168487, -108.377, 0.024021, 131.585
4, 3060.00000, 224.243, -30.182, 224.388, -150.187, 224.386, 89.8338, 0.00419926, -46.185, 0.144489, 131.623, 0.120327, 11.6168, 0.144392, -108.36, 0.0240784, 11.5063
4, 3120.00000, 224.254, -30.177, 224.397, -150.182, 224.395, 89.8385, 0.00421355, -45.8115, 0.144482, 131.628, 0.120322, 11.6218, 0.144387, -108.356, 0.0240775, 11.5127
4, 3180.00000, 224.252, -30.1781, 224.395, -150.183, 224.393, 89.8375, 0.00421049, -45.8904, 0.144483, 131.627, 0.120323, 11.6208, 0.144387, -108.357, 0.0240776, 11.5114
4, 3240.00000, 224.26, -30.1746, 224.402, -150.18, 224.4, 89.8407, 0.00422033, -45.6362, 0.144478, 131.631, 0.12032, 11.6242, 0.144384, -108.353, 0.024077, 11.5163
4, 3300.00000, 224.261, -30.1741, 224.403, -150.179, 224.401, 89.8412, 0.00422181, -45.5976, 0.144477, 131.631, 0.120319, 11.6247, 0.144383, -108.353, 0.0240769, 11.5171
4, 3360.00000, 224.262, -30.1702, 224.402, -150.183, 224.486, 89.8414, 0.00344294, -129.514, 0.120394, 131.636, 0.192514, 11.6214, 0.120274, -108.354, 0.0721988, -168.328
4, 3420.00000, 224.269, -30.1673, 224.407, -150.181, 224.491, 89.8441, 0.00342834, -129.343, 0.120391, 131.639, 0.19251, 11.6243, 0.120271, -108.351, 0.0721972, -168.325
4, 3480.00000, 224.278, -30.1649, 224.414, -150.178, 224.498, 89.846, 0.00340165, -129.028, 0.120386, 131.641, 0.192505, 11.6265, 0.120267, -108.349, 0.0721952, -168.324
4, 3540.00000, 224.276, -30.1682, 224.411, -150.182, 224.496, 89.8426, 0.00339097, -128.903, 0.120387, 131.638, 0.192506, 11.6232, 0.120268, -108.353, 0.0721958, -168.327
5, 0.00000, 224.276, -30.1683, 224.411, -150.182, 224.495, 89.8425, 0.00339165, -128.911, 0.120387, 131.638, 0.192507, 11.623, 0.120268, -108.353, 0.0721959, -168.328
5, 60.00000, 224.153, -30.2044, 224.332, -150.197, 224.254, 89.8044, 0.00201403, -102.361, 0.120454, 131.601, 0.168501, 11.6076, 0.120398, -108.391, 0.0480904, -168.329
5, 120.00000, 224.156, -30.203, 224.335, -150.196, 224.257, 89.8056, 0.00201018, -102.157, 0.120452, 131.603, 0.168499, 11.6089, 0.120397, -108.389, 0.0480895, -168.328
5, 180.00000, 224.164, -30.1996, 224.341, -150.192, 224.263, 89.8088, 0.00200038, -101.623, 0.120448, 131.606, 0.168495, 11.6123, 0.120394, -108.386, 0.0480882, -168.326
5, 240.00000, 224.17, -30.1971, 224.346, -150.19, 224.268, 89.8111, 0.00199334, -101.231, 0.120445, 131.609, 0.168491, 11.6148, 0.120391, -108.384, 0.0480872, -168.324
5, 300.00000, 224.187, -30.1897, 224.359, -150.183, 224.281, 89.8179, 0.00197344, -100.076, 0.120436, 131.616, 0.168481, 11.622, 0.120384, -108.377, 0.0480845, -168.318
5, 360.00000, 224.252, -30.1795, 224.259, -150.185, 224.336, 89.811, 0.00390947, -81.2964, 0.168562, 131.626, 0.168556, 11.6193, 0.144424, -108.384, 0.0241167, -108.326
5, 420.00000, 224.258, -30.1768, 224.264, -150.182, 224.341, 89.8135, 0.0039074, -81.0588, 0.168558, 131.629, 0.168553, 11.6219, 0.144421, -108.381, 0.0241162, -108.324
5, 480.00000, 224.263, -30.1747, 224.267, -150.18, 224.344, 89.8154, 0.00390579, -80.8705, 0.168554, 131.631, 0.16855, 11.624, 0.144418, -108.379, 0.0241154, -108.323
5, 540.00000, 224.28, -30.1675, 224.281, -150.173, 224.358, 89.8221, 0.00390064, -80.2278, 0.168542, 131.638, 0.16854, 11.6311, 0.14441, -108.373, 0.0241126, -108.318
5, 600.00000, 224.296, -30.1603, 224.294, -150.166, 224.371, 89.8288, 0.00389596, -79.5839, 0.16853, 131.646, 0.168531, 11.6381, 0.144402, -108.366, 0.0241097, -108.314
5, 660.00000, 224.225, -30.1659, 224.371, -150.169, 224.397, 89.8457, 0.00498422, -48.8525, 0.168584, 131.64, 0.120336, 11.6353, 0.144385, -108.348, 0.0417495, -18.4528
5, 720.00000, 224.245, -30.1572, 224.387, -150.16, 224.413, 89.8538, 0.0050065, -48.2989, 0.16857, 131.648, 0.120328, 11.6438, 0.144375, -108.34, 0.0417457, -18.4423
5, 780.00000, 224.254, -30.1532, 224.394, -150.156, 224.42, 89.8575, 0.00501684, -48.0461, 0.168563, 131.652, 0.120323, 11.6477, 0.14437, -108.337, 0.0417436, -18.4371
5, 840.00000, 224.268, -30.1473, 224.405, -150.15, 224.431, 89.863, 0.00503254, -47.6694, 0.168553, 131.658, 0.120318, 11.6536, 0.144363, -108.331, 0.0417407, -18.4296
5, 900.00000, 224.287, -30.1389, 224.421, -150.142, 224.447, 89.8708, 0.005055, -47.1431, 0.168538, 131.667, 0.12031, 11.6619, 0.144353, -108.323, 0.0417367, -18.419
5, 960.00000, 224.342, -30.1238, 224.435, -150.132, 224.423, 89.8743, 0.00396573, -35.9656, 0.168496, 131.681, 0.168422, 11.6723, 0.144369, -108.32, 0.0240672, -108.19
5, 1020.00000, 224.363, -30.1147, 224.451, -150.123, 224.44, 89.8827, 0.00399964, -35.3355, 0.168481, 131.69, 0.16841, 11.6812, 0.144358, -108.311, 0.0240635, -108.185
5, 1080.00000, 224.38, -30.1072, 224.465, -150.116, 224.454, 89.8897, 0.00402836, -34.8163, 0.168468, 131.698, 0.1684, 11.6886, 0.144349, -108.304, 0.0240605, -108.18
5, 1140.00000, 224.397, -30.0999, 224.478, -150.108, 224.467, 89.8965, 0.00405639, -34.3219, 0.168455, 131.705, 0.16839, 11.6958, 0.144341, -108.298, 0.0240576, -108.175
5, 1200.00000, 224.412, -30.0932, 224.49, -150.102, 224.48, 89.9027, 0.00408204, -33.8797, 0.168444, 131.712, 0.16838, 11.7024, 0.144333, -108.291, 0.024055, -108.171
5, 1260.00000, 224.493, -30.0755, 224.472, -150.088, 224.528, 89.9099, 0.00148201, -60.4835, 0.144326, 131.73, 0.168395, 11.7163, 0.168352, -108.285, 0.0240446, 131.72
5, 1320.00000, 224.504, -30.0705, 224.482, -150.083, 224.537, 89.9145, 0.00148946, -59.3289, 0.144319, 131.735, 0.168388, 11.7213, 0.168346, -108.28, 0.0240442, 131.723
5, 1380.00000, 224.526, -30.0609, 224.499, -150.074, 224.555, 89.9234, 0.00150524, -57.1662, 0.144305, 131.744, 0.168375, 11.7307, 0.168332, -108.271, 0.0240438, 131.73
5, 1440.00000, 224.541, -30.0546, 224.511, -150.068, 224.567, 89.9293, 0.00151685, -55.7582, 0.144296, 131.751, 0.168366, 11.737, 0.168324, -108.265, 0.0240435, 131.735
5, 1500.00000, 224.566, -30.0437, 224.53, -150.057, 224.587, 89.9395, 0.00153889, -53.3897, 0.14428, 131.762, 0.168352, 11.7477, 0.168309, -108.255, 0.0240431, 131.743
5, 1560.00000, 224.535, -30.0329, 224.536, -150.059, 224.63, 89.9419, 0.00124926, -126.795, 0.168348, 131.773, 0.192398, 11.7464, 0.144236, -108.253, 0.0416327, -138.212
5, 1620.00000, 224.554, -30.0246, 224.551, -150.05, 224.645, 89.9497, 0.0012087, -125.313, 0.168334, 131.781, 0.192385, 11.7547, 0.144227, -108.245, 0.041629, -138.206
5, 1680.00000, 224.577, -30.0143, 224.57, -150.04, 224.664, 89.9592, 0.0011603, -123.364, 0.168317, 131.791, 0.192369, 11.7648, 0.144215, -108.236, 0.0416247, -138.199
5, 1740.00000, 224.589, -30.0094, 224.579, -150.035, 224.673, 89.9638, 0.0011377, -122.376, 0.168308, 131.796, 0.192361, 11.7696, 0.144209, -108.231, 0.0416225, -138.196
5, 1800.00000, 224.609, -30.0004, 224.595, -150.027, 224.69, 89.9721, 0.00109695, -120.449, 0.168293, 131.805, 0.192347, 11.7785, 0.144198, -108.223, 0.0416187, -138.19
5, 1860.00000, 224.577, -30.0029, 224.709, -150.011, 224.722, 89.9938, 0.00220539, -117.002, 0.144271, 131.803, 0.19225, 11.7941, 0.168206, -108.201, 0.0415536, 161.843
5, 1920.00000, 224.598, -29.9941, 224.725, -150.002, 224.738, 90.002, 0.00216868, -115.948, 0.144259, 131.812, 0.192237, 11.8028, 0.168194, -108.193, 0.0415513, 161.85
5, 1980.00000, 224.618, -29.9854, 224.741, -149.993, 224.755, 90.0101, 0.00213295, -114.866, 0.144246, 131.82, 0.192223, 11.8114, 0.168182, -108.185, 0.0415492, 161.856
5, 2040.00000, 224.634, -29.9783, 224.754, -149.986, 224.768, 90.0168, 0.00210438, -113.957, 0.144235, 131.827, 0.192212, 11.8184, 0.168172, -108.178, 0.0415475, 161.862
5, 2100.00000, 224.657, -29.9683, 224.772, -149.977, 224.786, 90.0261, 0.00206527, -112.643, 0.14422, 131.837, 0.192197, 11.8282, 0.168159, -108.169, 0.0415451, 161.869
5, 2160.00000, 224.66, -29.9634, 224.747, -149.979, 224.782, 90.0309, 0.00319047, -53.8279, 0.120184, 131.842, 0.0961074, 11.8252, 0.120116, -108.164, 0.0240524, 11.7555
5, 2220.00000, 224.681, -29.954, 224.764, -149.97, 224.799, 90.0396, 0.00321043, -52.8533, 0.120172, 131.851, 0.096101, 11.8344, 0.120106, -108.155, 0.0240495, 11.7675
5, 2280.00000, 224.711, -29.9411, 224.787, -149.957, 224.823, 90.0516, 0.00323948, -51.5261, 0.120157, 131.864, 0.096091, 11.8471, 0.120093, -108.143, 0.0240469, 11.7853
5, 2340.00000, 224.725, -29.9348, 224.798, -149.951, 224.834, 90.0575, 0.00325432, -50.8838, 0.120149, 131.871, 0.096086, 11.8533, 0.120087, -108.137, 0.0240455, 11.7943
5, 2400.00000, 224.745, -29.926, 224.814, -149.942, 224.851, 90.0657, 0.00327559, -50.0029, 0.120138, 131.879, 0.0960792, 11.862, 0.120079, -108.129, 0.0240437, 11.8064
5, 2460.00000, 224.829, -29.911, 224.815, -149.924, 224.875, 90.0723, 0.00372183, -33.9973, 0.16813, 131.894, 0.144117, 11.8807, 0.144078, -108.122, 0.0240379, -48.0977
5, 2520.00000, 224.852, -29.9011, 224.833, -149.914, 224.893, 90.0815, 0.00376087, -33.2746, 0.168114, 131.904, 0.144106, 11.8904, 0.144067, -108.113, 0.0240339, -48.0854
5, 2580.00000, 224.871, -29.8928, 224.848, -149.906, 224.909, 90.0893, 0.00379433, -32.6749, 0.1681, 131.912, 0.144096, 11.8986, 0.144057, -108.105, 0.0240303, -48.0753
5, 2640.00000, 224.888, -29.8852, 224.862, -149.898, 224.923, 90.0963, 0.00382495, -32.1413, 0.168087, 131.92, 0.144087, 11.906, 0.144048, -108.098, 0.0240271, -48.0661
5, 2700.00000, 224.913, -29.8744, 224.882, -149.888, 224.943, 90.1064, 0.00386926, -31.3932, 0.168068, 131.931, 0.144075, 11.9167, 0.144036, -108.088, 0.0240226, -48.0531
5, 2760.00000, 224.923, -29.8697, 224.831, -149.887, 224.921, 90.109, 0.00364306, -57.7145, 0.16806, 131.936, 0.192144, 11.9171, 0.168057, -108.085, 0.0240322, -168.134
5, 2820.00000, 224.937, -29.8657, 224.84, -149.883, 224.931, 90.1125, 0.00365604, -57.0138, 0.16805, 131.94, 0.192136, 11.921, 0.168049, -108.082, 0.0240313, -168.134
5, 2880.00000, 224.956, -29.8573, 224.856, -149.875, 224.946, 90.1203, 0.00367103, -56.2329, 0.168036, 131.948, 0.192123, 11.9293, 0.168038, -108.074, 0.0240297, -168.13
5, 2940.00000, 224.975, -29.8486, 224.871, -149.866, 224.962, 90.1283, 0.00368729, -55.429, 0.168021, 131.957, 0.19211, 11.9378, 0.168026, -108.066, 0.0240281, -168.126
5, 3000.00000, 224.995, -29.8402, 224.886, -149.858, 224.978, 90.1361, 0.00370364, -54.6606, 0.168007, 131.965, 0.192097, 11.946, 0.168015, -108.058, 0.0240266, -168.123
5, 3060.00000, 224.995, -29.8418, 224.977, -149.843, 224.985, 90.1432, 0.00315038, -0.0538299, 0.144005, 131.963, 0.144013, 11.9616, 0.216014, -108.051, 0.0720077, 71.9285
5, 3120.00000, 225.016, -29.8327, 224.993, -149.834, 225.002, 90.1517, 0.00320444, 0.239508, 0.143992, 131.972, 0.144003, 11.9706, 0.215998, -108.042, 0.072004, 71.9378
5, 3180.00000, 225.037, -29.8233, 225.01, -149.825, 225.019, 90.1605, 0.00326018, 0.531731, 0.143978, 131.981, 0.143992, 11.9799, 0.215982, -108.034, 0.0720001, 71.9474
5, 3240.00000, 225.061, -29.8129, 225.029, -149.815, 225.038, 90.1701, 0.00332174, 0.842998, 0.143963, 131.992, 0.14398, 11.9901, 0.215964, -108.024, 0.0719958, 71.958
5, 3300.00000, 225.081, -29.8041, 225.045, -149.806, 225.054, 90.1783, 0.00337433, 1.09991, 0.14395, 132.001, 0.14397, 11.9988, 0.215948, -108.016, 0.0719921, 71.967
5, 3360.00000, 225.136, -29.7843, 225.029, -149.8, 225.083, 90.1873, 0.00404569, 0.119616, 0.143915, 132.02, 0.167974, 12.005, 0.19193, -108.007, 0.0415822, 101.984
5, 3420.00000, 225.164, -29.7724, 225.05, -149.788, 225.105, 90.1984, 0.00411616, 0.417901, 0.143898, 132.032, 0.16796, 12.0167, 0.19191, -107.995, 0.0415793, 101.999
5, 3480.00000, 225.184, -29.7633, 225.067, -149.779, 225.122, 90.2068, 0.00416974, 0.637818, 0.143885, 132.041, 0.167948, 12.0256, 0.191896, -107.987, 0.0415778, 102.007
5, 3540.00000, 225.204, -29.7549, 225.082, -149.771, 225.137, 90.2147, 0.00422022, 0.839849, 0.143872, 132.05, 0.167936, 12.034, 0.191883, -107.979, 0.0415764, 102.015
6, 0.00000, 225.213, -29.7508, 225.089, -149.767, 225.145, 90.2185, 0.00424464, 0.935891, 0.143866, 132.054, 0.167931, 12.038, 0.191877, -107.975, 0.0415757, 102.019
6, 60.00000, 224.961, -29.8001, 224.902, -149.799, 224.841, 90.1729, 0.00545474, -74.8306, 0.192037, 132.006, 0.240106, 12.0046, 0.120082, -108.022, 0.104601, -131.413
6, 120.00000, 224.987, -29.7887, 224.922, -149.788, 224.862, 90.1835, 0.00545324, -74.0789, 0.192015, 132.017, 0.240085, 12.0158, 0.120071, -108.011, 0.10459, -131.404
6, 180.00000, 225.005, -29.7809, 224.936, -149.78, 224.876, 90.1908, 0.00545273, -73.5605, 0.191999, 132.025, 0.240069, 12.0235, 0.120063, -108.004, 0.104583, -131.397
6, 240.00000, 225.03, -29.7699, 224.956, -149.77, 224.896, 90.201, 0.00545275, -72.8375, 0.191978, 132.036, 0.240048, 12.0342, 0.120053, -107.994, 0.104572, -131.388
6, 300.00000, 225.055, -29.759, 224.976, -149.759, 224.916, 90.2111, 0.00545361, -72.114, 0.191957, 132.047, 0.240027, 12.045, 0.120042, -107.983, 0.104562, -131.379
6, 360.00000, 224.968, -29.7407, 224.896, -149.773, 225.036, 90.2242, 0.00354668, -26.802, 0.144023, 132.064, 0.192087, 12.0315, 0.143976, -107.97, 0.0480128, -167.967
6, 420.00000, 224.992, -29.7303, 224.915, -149.763, 225.055, 90.2339, 0.00359386, -26.0854, 0.144008, 132.075, 0.192071, 12.0418, 0.143964, -107.96, 0.048009, -167.959
6, 480.00000, 225.014, -29.7203, 224.933, -149.753, 225.074, 90.2433, 0.00364004, -25.4088, 0.143993, 132.085, 0.192055, 12.0517, 0.143952, -107.951, 0.0480053, -167.952
6, 540.00000, 225.03, -29.7136, 224.945, -149.746, 225.086, 90.2495, 0.0036709, -24.9697, 0.143983, 132.091, 0.192045, 12.0582, 0.143944, -107.945, 0.0480028, -167.947
6, 600.00000, 225.052, -29.7037, 224.963, -149.736, 225.104, 90.2587, 0.00371737, -24.3277, 0.143969, 132.101, 0.19203, 12.068, 0.143933, -107.935, 0.0479992, -167.939
6, 660.00000, 225.21, -29.7072, 225.009, -149.707, 224.949, 90.2495, 0.0075012, -8.28891, 0.239783, 132.097, 0.14399, 12.0968, 0.192042, -107.943, 0.0830953, -17.795
6, 720.00000, 225.233, -29.6971, 225.027, -149.697, 224.968, 90.2589, 0.0075576, -8.08012, 0.239759, 132.107, 0.143979, 12.1067, 0.192026, -107.934, 0.0830864, -17.7831
6, 780.00000, 225.256, -29.6872, 225.045, -149.687, 224.986, 90.2681, 0.00761314, -7.87771, 0.239735, 132.117, 0.143967, 12.1165, 0.192011, -107.925, 0.0830775, -17.7715
6, 840.00000, 225.274, -29.679, 225.06, -149.679, 225.001, 90.2757, 0.0076591, -7.71254, 0.239715, 132.125, 0.143958, 12.1245, 0.191998, -107.917, 0.0830702, -17.7619
6, 900.00000, 225.298, -29.6686, 225.078, -149.669, 225.02, 90.2855, 0.00771784, -7.50449, 0.23969, 132.136, 0.143946, 12.1348, 0.191982, -107.907, 0.0830608, -17.7497
6, 960.00000, 225.213, -29.6506, 225.018, -149.679, 225.207, 90.3076, 0.00468876, 25.0149, 0.215798, 132.154, 0.191981, 12.126, 0.215803, -107.886, 0.0239493, 12.2046
6, 1020.00000, 225.227, -29.6453, 225.028, -149.674, 225.218, 90.3125, 0.0047279, 24.9476, 0.215785, 132.159, 0.191972, 12.1313, 0.215793, -107.881, 0.0239483, 12.2145
6, 1080.00000, 225.248, -29.6357, 225.046, -149.664, 225.235, 90.3214, 0.00478699, 24.8499, 0.215764, 132.168, 0.191957, 12.1407, 0.215776, -107.872, 0.0239463, 12.2308
6, 1140.00000, 225.274, -29.6245, 225.066, -149.653, 225.256, 90.3319, 0.00485596, 24.7392, 0.21574, 132.18, 0.19194, 12.1518, 0.215756, -107.862, 0.0239439, 12.2499
6, 1200.00000, 225.289, -29.6177, 225.078, -149.647, 225.268, 90.3382, 0.00489795, 24.6735, 0.215725, 132.186, 0.191929, 12.1585, 0.215745, -107.856, 0.0239425, 12.2616
6, 1260.00000, 225.376, -29.5994, 225.102, -149.638, 225.276, 90.3448, 0.00794753, -40.9485, 0.215647, 132.206, 0.191911, 12.165, 0.167791, -107.849, 0.0413873, -77.8679
6, 1320.00000, 225.406, -29.5862, 225.125, -149.625, 225.3, 90.3571, 0.00799121, -40.4351, 0.215618, 132.219, 0.191891, 12.178, 0.167772, -107.836, 0.0413789, -77.8564
6, 1380.00000, 225.428, -29.5764, 225.143, -149.616, 225.318, 90.3662, 0.0080241, -40.0569, 0.215597, 132.229, 0.191876, 12.1877, 0.167759, -107.827, 0.0413727, -77.8475
6, 1440.00000, 225.445, -29.5689, 225.156, -149.608, 225.332, 90.3732, 0.00804949, -39.7696, 0.215581, 132.237, 0.191864, 12.1951, 0.167749, -107.82, 0.0413679, -77.8407
6, 1500.00000, 225.471, -29.5573, 225.177, -149.597, 225.353, 90.384, 0.00808923, -39.3274, 0.215556, 132.248, 0.191846, 12.2066, 0.167733, -107.809, 0.0413604, -77.8302
6, 1560.00000, 225.448, -29.5622, 225.371, -149.572, 225.381, 90.4135, 0.00671084, 25.8058, 0.191621, 132.242, 0.16772, 12.2327, 0.191675, -107.78, 0.0239898, 12.3295
6, 1620.00000, 225.474, -29.551, 225.391, -149.561, 225.402, 90.424, 0.00677998, 25.7201, 0.191599, 132.253, 0.167703, 12.2437, 0.19166, -107.769, 0.0239905, 12.353
6, 1680.00000, 225.502, -29.5384, 225.414, -149.549, 225.425, 90.4357, 0.00685759, 25.626, 0.191575, 132.265, 0.167686, 12.2561, 0.19164, -107.758, 0.0239879, 12.3734
6, 1740.00000, 225.529, -29.5267, 225.434, -149.537, 225.446, 90.4466, 0.00692948, 25.541, 0.191553, 132.277, 0.167671, 12.2676, 0.191622, -107.747, 0.0239854, 12.3923
6, 1800.00000, 225.552, -29.5165, 225.453, -149.527, 225.464, 90.4561, 0.00699256, 25.468, 0.191533, 132.287, 0.167657, 12.2777, 0.191607, -107.737, 0.0239832, 12.4088
6, 1860.00000, 225.589, -29.5027, 225.416, -149.518, 225.397, 90.4572, 0.00693748, -6.98327, 0.191502, 132.302, 0.215595, 12.2862, 0.21562, -107.736, 0.0240329, 132.011
6, 1920.00000, 225.615, -29.4913, 225.437, -149.507, 225.417, 90.4677, 0.00700256, -6.73719, 0.191482, 132.313, 0.215576, 12.2975, 0.215599, -107.725, 0.0240317, 132.023
6, 1980.00000, 225.631, -29.4841, 225.449, -149.499, 225.43, 90.4745, 0.00704394, -6.58291, 0.191468, 132.32, 0.215564, 12.3046, 0.215586, -107.719, 0.0240318, 132.028
6, 2040.00000, 225.661, -29.4712, 225.472, -149.487, 225.454, 90.4865, 0.00711807, -6.31107, 0.191443, 132.333, 0.215541, 12.3173, 0.215564, -107.707, 0.0240321, 132.037
6, 2100.00000, 225.678, -29.4637, 225.486, -149.479, 225.468, 90.4935, 0.00716124, -6.15557, 0.191429, 132.341, 0.215529, 12.3247, 0.215551, -107.7, 0.0240322, 132.043
6, 2160.00000, 225.762, -29.4454, 225.535, -149.461, 225.516, 90.5037, 0.00346603, -44.277, 0.143517, 132.36, 0.191541, 12.3431, 0.191558, -107.691, 0.0479355, 132.208
6, 2220.00000, 225.792, -29.4324, 225.558, -149.448, 225.54, 90.5159, 0.00350647, -43.0811, 0.143497, 132.373, 0.191523, 12.356, 0.191538, -107.678, 0.0479346, 132.222
6, 2280.00000, 225.818, -29.4208, 225.578, -149.437, 225.561, 90.5267, 0.0035435, -42.0468, 0.14348, 132.385, 0.191506, 12.3674, 0.19152, -107.668, 0.0479318, 132.232
6, 2340.00000, 225.843, -29.4095, 225.598, -149.426, 225.582, 90.5373, 0.00358091, -41.0529, 0.143464, 132.396, 0.191489, 12.3786, 0.191502, -107.657, 0.047929, 132.242
6, 2400.00000, 225.868, -29.3985, 225.618, -149.415, 225.602, 90.5475, 0.0036183, -40.1055, 0.143448, 132.407, 0.191472, 12.3895, 0.191485, -107.647, 0.0479263, 132.252
6, 2460.00000, 225.842, -29.3862, 225.536, -149.412, 225.667, 90.5553, 0.00833554, -10.2714, 0.19129, 132.418, 0.191539, 12.3916, 0.1675, -107.637, 0.0238374, -107.817
6, 2520.00000, 225.866, -29.3759, 225.555, -149.402, 225.686, 90.5649, 0.00839313, -10.0579, 0.19127, 132.429, 0.191522, 12.4018, 0.167488, -107.628, 0.0238309, -107.807
6, 2580.00000, 225.887, -29.3664, 225.571, -149.393, 225.703, 90.5738, 0.00844606, -9.86427, 0.191252, 132.438, 0.191508, 12.4111, 0.167475, -107.619, 0.0238271, -107.802
6, 2640.00000, 225.911, -29.3557, 225.59, -149.382, 225.722, 90.5838, 0.00850582, -9.64831, 0.191232, 132.449, 0.191491, 12.4217, 0.167461, -107.609, 0.0238228, -107.796
6, 2700.00000, 225.924, -29.3498, 225.601, -149.376, 225.733, 90.5893, 0.00853896, -9.53025, 0.191221, 132.455, 0.191483, 12.4275, 0.167453, -107.603, 0.0238205, -107.792
6, 2760.00000, 225.919, -29.3249, 225.593, -149.373, 225.798, 90.602, 0.00509702, -6.32755, 0.16732, 132.48, 0.167555, 12.4317, 0.215236, -107.592, 0.0479197, 72.4869
6, 2820.00000, 225.945, -29.3136, 225.613, -149.362, 225.818, 90.6125, 0.0051627, -6.00273, 0.1673, 132.491, 0.16754, 12.4429, 0.215216, -107.581, 0.0479175, 72.4997
6, 2880.00000, 225.971, -29.302, 225.634, -149.35, 225.84, 90.6234, 0.00523065, -5.67588, 0.167281, 132.503, 0.167524, 12.4543, 0.215196, -107.57, 0.047915, 72.5125
6, 2940.00000, 225.976, -29.2996, 225.638, -149.348, 225.844, 90.6257, 0.00524493, -5.60843, 0.167277, 132.505, 0.167522, 12.4567, 0.215192, -107.568, 0.0479146, 72.515
6, 3000.00000, 226.004, -29.2873, 225.66, -149.335, 225.866, 90.6371, 0.00531712, -5.27264, 0.167256, 132.517, 0.167505, 12.4689, 0.21517, -107.556, 0.0479119, 72.5286
6, 3060.00000, 226.106, -29.2918, 225.69, -149.314, 225.808, 90.6354, 0.00954476, 22.0382, 0.167183, 132.511, 0.167479, 12.4911, 0.191316, -107.557, 0.0240367, 72.6489
6, 3120.00000, 226.128, -29.282, 225.707, -149.304, 225.825, 90.6445, 0.00960584, 22.0137, 0.167166, 132.521, 0.167466, 12.5007, 0.1913, -107.548, 0.0240365, 72.661
6, 3180.00000, 226.154, -29.2705, 225.728, -149.293, 225.846, 90.6553, 0.00967797, 21.9855, 0.167146, 132.533, 0.167451, 12.5121, 0.191283, -107.537, 0.0240363, 72.6755
6, 3240.00000, 226.169, -29.2636, 225.74, -149.286, 225.859, 90.6617, 0.00972122, 21.9689, 0.167135, 132.54, 0.167442, 12.5189, 0.191272, -107.531, 0.0240363, 72.684
6, 3300.00000, 226.187, -29.2559, 225.753, -149.278, 225.873, 90.6689, 0.0097694, 21.9506, 0.167122, 132.547, 0.167432, 12.5264, 0.191261, -107.524, 0.0240362, 72.6937
6, 3360.00000, 226.188, -29.244, 225.807, -149.268, 225.887, 90.6858, 0.00883197, 1.54706, 0.190999, 132.56, 0.167394, 12.5358, 0.191246, -107.507, 0.023922, 12.9755
6, 3420.00000, 226.201, -29.238, 225.817, -149.262, 225.898, 90.6914, 0.00886854, 1.6187, 0.190986, 132.566, 0.167386, 12.5418, 0.191237, -107.501, 0.0239205, 12.986
6, 3480.00000, 226.234, -29.2233, 225.843, -149.248, 225.924, 90.7051, 0.00895827, 1.792, 0.190958, 132.581, 0.167366, 12.5563, 0.191213, -107.487, 0.0239171, 13.0098
6, 3540.00000, 226.26, -29.2116, 225.864, -149.236, 225.946, 90.7161, 0.00902971, 1.92756, 0.190936, 132.592, 0.167351, 12.5678, 0.191196, -107.477, 0.0239145, 13.0282
7, 0.00000, 226.285, -29.2005, 225.883, -149.225, 225.966, 90.7264, 0.00909743, 2.05422, 0.190915, 132.603, 0.167336, 12.5788, 0.191179, -107.466, 0.0239121, 13.0458
7, 60.00000, 226.005, -29.2344, 225.682, -149.262, 225.836, 90.6988, 0.010721, -14.3186, 0.286732, 132.57, 0.21534, 12.5408, 0.191287, -107.493, 0.086027, -61.3327
7, 120.00000, 226.008, -29.2328, 225.685, -149.261, 225.839, 90.7003, 0.0107297, -14.2885, 0.286728, 132.572, 0.215337, 12.5424, 0.191285, -107.492, 0.0860257, -61.331
7, 180.00000, 226.045, -29.2168, 225.713, -149.245, 225.868, 90.7153, 0.0108162, -13.9893, 0.28668, 132.588, 0.215309, 12.5583, 0.191259, -107.477, 0.0860066, -61.3151
7, 240.00000, 226.078, -29.2018, 225.739, -149.23, 225.895, 90.7292, 0.0108968, -13.7154, 0.286637, 132.603, 0.215284, 12.573, 0.191236, -107.463, 0.0859897, -61.3002
7, 300.00000, 226.098, -29.1932, 225.754, -149.222, 225.91, 90.7373, 0.0109436, -13.5587, 0.286614, 132.611, 0.21527, 12.5815, 0.191223, -107.455, 0.0859803, -61.2916
7, 360.00000, 226.245, -29.1696, 225.719, -149.197, 225.846, 90.7414, 0.0116086, 26.0899, 0.190949, 132.633, 0.191378, 12.6076, 0.239107, -107.451, 0.0480166, 72.7097
7, 420.00000, 226.269, -29.1589, 225.738, -149.187, 225.865, 90.7514, 0.0116755, 26.0467, 0.190927, 132.644, 0.191362, 12.6182, 0.239085, -107.441, 0.0480143, 72.7225
7, 480.00000, 226.297, -29.1468, 225.759, -149.175, 225.887, 90.7627, 0.011751, 25.9986, 0.190904, 132.656, 0.191343, 12.6302, 0.239062, -107.429, 0.048012, 72.736
7, 540.00000, 226.326, -29.1338, 225.782, -149.162, 225.91, 90.7748, 0.0118323, 25.9478, 0.190879, 132.669, 0.191324, 12.643, 0.239037, -107.417, 0.0480096, 72.7505
7, 600.00000, 226.353, -29.1216, 225.804, -149.15, 225.932, 90.7862, 0.0119088, 25.9006, 0.190856, 132.681, 0.191306, 12.6552, 0.239013, -107.406, 0.0480073, 72.7641
7, 660.00000, 226.356, -29.113, 225.91, -149.144, 226.012, 90.7999, 0.00598081, -14.7618, 0.238569, 132.692, 0.215127, 12.6598, 0.215031, -107.394, 0.0236637, -46.9775
7, 720.00000, 226.366, -29.1084, 225.918, -149.14, 226.021, 90.8043, 0.00600638, -14.6048, 0.238557, 132.696, 0.215118, 12.6645, 0.215023, -107.389, 0.0236612, -46.9699
7, 780.00000, 226.392, -29.097, 225.938, -149.128, 226.041, 90.8149, 0.00606857, -14.229, 0.238529, 132.708, 0.215098, 12.6757, 0.215002, -107.378, 0.0236551, -46.9555
7, 840.00000, 226.417, -29.0859, 225.957, -149.117, 226.061, 90.8253, 0.00612946, -13.8697, 0.238503, 132.719, 0.215079, 12.6867, 0.214983, -107.368, 0.0236496, -46.9416
7, 900.00000, 226.444, -29.0736, 225.979, -149.105, 226.083, 90.8368, 0.00619681, -13.4817, 0.238474, 132.731, 0.215059, 12.6988, 0.214962, -107.357, 0.0236434, -46.9262
7, 960.00000, 226.38, -29.0826, 226.041, -149.101, 226.021, 90.8421, 0.007306, -24.8602, 0.21469, 132.722, 0.238891, 12.7023, 0.191129, -107.351, 0.0411984, -137.527
7, 1020.00000, 226.418, -29.0656, 226.071, -149.084, 226.052, 90.8579, 0.00738662, -24.2747, 0.214654, 132.739, 0.238859, 12.7191, 0.191104, -107.335, 0.0411912, -137.518
7, 1080.00000, 226.427, -29.0615, 226.078, -149.08, 226.059, 90.8618, 0.00740662, -24.132, 0.214645, 132.744, 0.238851, 12.7232, 0.191097, -107.331, 0.0411893, -137.516
7, 1140.00000, 226.462, -29.0461, 226.105, -149.065, 226.087, 90.8762, 0.00748015, -23.617, 0.214613, 132.759, 0.238823, 12.7384, 0.191074, -107.317, 0.0411832, -137.506
7, 1200.00000, 226.472, -29.0421, 226.112, -149.061, 226.095, 90.8799, 0.00750271, -23.4625, 0.214603, 132.763, 0.238815, 12.7423, 0.191067, -107.313, 0.0411812, -137.505
7, 1260.00000, 226.476, -29.0231, 226.079, -149.052, 226.182, 90.9013, 0.00895819, -5.82639, 0.2146, 132.781, 0.238847, 12.752, 0.238746, -107.291, 0.0240404, 132.485
7, 1320.00000, 226.503, -29.0109, 226.1, -149.04, 226.204, 90.9126, 0.00903007, -5.6174, 0.214572, 132.793, 0.238823, 12.764, 0.23872, -107.28, 0.0240407, 132.496
7, 1380.00000, 226.528, -29.0001, 226.119, -149.029, 226.223, 90.9228, 0.00909386, -5.435, 0.214549, 132.804, 0.238803, 12.7747, 0.2387, -107.27, 0.0240413, 132.504
7, 1440.00000, 226.537, -28.9958, 226.127, -149.025, 226.231, 90.9267, 0.00911865, -5.36493, 0.214542, 132.808, 0.238796, 12.7789, 0.238693, -107.266, 0.0240414, 132.507
7, 1500.00000, 226.549, -28.9905, 226.136, -149.02, 226.24, 90.9317, 0.00915018, -5.2762, 0.21453, 132.814, 0.238786, 12.7842, 0.238682, -107.261, 0.0240417, 132.51
7, 1560.00000, 226.617, -28.9742, 226.127, -149.014, 226.306, 90.9392, 0.00927484, -58.6934, 0.238297, 132.832, 0.262684, 12.7886, 0.143164, -107.254, 0.109193, -118.258
7, 1620.00000, 226.643, -28.9624, 226.148, -149.002, 226.327, 90.9503, 0.00929265, -58.2214, 0.238266, 132.844, 0.262658, 12.8003, 0.143149, -107.243, 0.10918, -118.249
7, 1680.00000, 226.663, -28.9535, 226.163, -148.994, 226.343, 90.9586, 0.00930645, -57.869, 0.238246, 132.853, 0.262641, 12.8091, 0.14314, -107.235, 0.109171, -118.241
7, 1740.00000, 226.7, -28.937, 226.192, -148.977, 226.373, 90.9739, 0.00933288, -57.2202, 0.23821, 132.869, 0.262609, 12.8253, 0.143122, -107.22, 0.109154, -118.228
7, 1800.00000, 226.72, -28.928, 226.207, -148.969, 226.389, 90.9824, 0.00934783, -56.8643, 0.238186, 132.878, 0.262589, 12.8343, 0.143111, -107.211, 0.109144, -118.221
7, 1860.00000, 226.677, -28.927, 226.285, -148.965, 226.426, 90.9965, 0.00706403, -25.902, 0.214408, 132.878, 0.238633, 12.8382, 0.16694, -107.197, 0.0629856, -126.447
7, 1920.00000, 226.697, -28.9184, 226.3, -148.957, 226.441, 91.0045, 0.0071048, -25.5808, 0.214388, 132.887, 0.238615, 12.8468, 0.166927, -107.189, 0.0629803, -126.441
7, 1980.00000, 226.715, -28.9102, 226.315, -148.949, 226.456, 91.0122, 0.00714338, -25.282, 0.214371, 132.895, 0.2386, 12.8549, 0.166917, -107.181, 0.0629752, -126.435
7, 2040.00000, 226.741, -28.8984, 226.335, -148.937, 226.477, 91.0231, 0.00719928, -24.857, 0.214346, 132.907, 0.238578, 12.8666, 0.166901, -107.17, 0.0629675, -126.426
7, 2100.00000, 226.778, -28.8821, 226.363, -148.921, 226.506, 91.0384, 0.0072772, -24.2802, 0.214314, 132.923, 0.23855, 12.8826, 0.166881, -107.155, 0.0629579, -126.414
7, 2160.00000, 226.815, -28.88, 226.383, -148.897, 226.341, 91.0385, 0.0122626, 16.1593, 0.190471, 132.923, 0.166965, 12.9076, 0.26244, -107.153, 0.0862769, 59.0518
7, 2220.00000, 226.84, -28.8689, 226.403, -148.886, 226.361, 91.0489, 0.0123341, 16.1773, 0.190448, 132.934, 0.166949, 12.9186, 0.262415, -107.143, 0.0862705, 59.064
7, 2280.00000, 226.87, -28.8553, 226.426, -148.872, 226.385, 91.0616, 0.0124212, 16.1993, 0.190425, 132.948, 0.166933, 12.932, 0.262389, -107.13, 0.086264, 59.0783
7, 2340.00000, 226.881, -28.8503, 226.435, -148.867, 226.394, 91.0663, 0.0124533, 16.2073, 0.190414, 132.953, 0.166926, 12.937, 0.262377, -107.126, 0.0862612, 59.0838
7, 2400.00000, 226.901, -28.8415, 226.45, -148.859, 226.41, 91.0745, 0.01251, 16.2215, 0.190397, 132.961, 0.166914, 12.9457, 0.262358, -107.117, 0.0862564, 59.0935
7, 2460.00000, 226.915, -28.8208, 226.418, -148.867, 226.627, 91.0787, 0.0078787, -6.45707, 0.214184, 132.984, 0.262339, 12.9367, 0.190621, -107.114, 0.0630316, -148.176
7, 2520.00000, 226.938, -28.8102, 226.437, -148.857, 226.646, 91.0886, 0.00794147, -6.24402, 0.21416, 132.994, 0.262316, 12.9472, 0.190604, -107.104, 0.0630259, -148.169
7, 2580.00000, 226.97, -28.7959, 226.461, -148.843, 226.671, 91.102, 0.00802605, -5.96266, 0.214132, 133.008, 0.262289, 12.9613, 0.190584, -107.091, 0.063019, -148.158
7, 2640.00000, 226.985, -28.7891, 226.473, -148.836, 226.683, 91.1083, 0.00806666, -5.82966, 0.214116, 133.015, 0.262274, 12.968, 0.190572, -107.085, 0.0630151, -148.154
7, 2700.00000, 226.998, -28.7833, 226.483, -148.83, 226.694, 91.1138, 0.00810121, -5.71768, 0.214104, 133.021, 0.262263, 12.9738, 0.190564, -107.079, 0.0630121, -148.15
7, 2760.00000, 226.996, -28.7813, 226.458, -148.816, 226.576, 91.1106, 0.0130141, 12.98, 0.2379, 133.022, 0.214598, 12.9883, 0.262167, -107.081, 0.0414938, 43.2754
7, 2820.00000, 227.009, -28.7756, 226.468, -148.81, 226.586, 91.116, 0.0130512, 12.9987, 0.237885, 133.027, 0.214587, 12.994, 0.262154, -107.076, 0.0414921, 43.2839
7, 2880.00000, 227.051, -28.7566, 226.5, -148.791, 226.62, 91.1337, 0.0131722, 13.0594, 0.237842, 133.046, 0.214558, 13.0127, 0.262116, -107.058, 0.0414883, 43.3094
7, 2940.00000, 227.077, -28.745, 226.52, -148.78, 226.641, 91.1446, 0.0132467, 13.0963, 0.237815, 133.058, 0.214539, 13.0241, 0.262092, -107.047, 0.0414859, 43.3254
7, 3000.00000, 227.09, -28.7395, 226.53, -148.774, 226.651, 91.1498, 0.0132828, 13.1141, 0.237801, 133.063, 0.214528, 13.0297, 0.262079, -107.042, 0.0414847, 43.3337
7, 3060.00000, 227.103, -28.7369, 226.581, -148.77, 226.703, 91.1681, 0.01123, -8.97014, 0.237789, 133.067, 0.190653, 13.0329, 0.214375, -107.024, 0.0411056, -16.5806
7, 3120.00000, 227.125, -28.7268, 226.598, -148.76, 226.721, 91.1776, 0.0112883, -8.81015, 0.237766, 133.077, 0.190638, 13.0428, 0.214358, -107.014, 0.0411005, -16.5667
7, 3180.00000, 227.141, -28.7196, 226.611, -148.753, 226.734, 91.1844, 0.0113306, -8.6948, 0.237747, 133.085, 0.190627, 13.0501, 0.214345, -107.008, 0.0410958, -16.5566
7, 3240.00000, 227.159, -28.7118, 226.625, -148.746, 226.748, 91.1917, 0.0113758, -8.5726, 0.237729, 133.092, 0.190615, 13.0578, 0.214332, -107, 0.0410916, -16.5461
7, 3300.00000, 227.17, -28.7067, 226.633, -148.741, 226.757, 91.1964, 0.0114049, -8.49467, 0.237718, 133.097, 0.190608, 13.0627, 0.214324, -106.996, 0.0410892, -16.5395
7, 3360.00000, 227.242, -28.6778, 226.63, -148.716, 226.792, 91.2197, 0.0103848, 13.7467, 0.166348, 133.126, 0.26209, 13.0879, 0.285727, -106.973, 0.109283, 122.153
7, 3420.00000, 227.254, -28.6728, 226.639, -148.712, 226.801, 91.2244, 0.0104173, 13.7637, 0.166339, 133.131, 0.262078, 13.0928, 0.285715, -106.968, 0.10928, 122.158
7, 3480.00000, 227.275, -28.663, 226.656, -148.702, 226.818, 91.2335, 0.0104802, 13.7966, 0.166324, 133.14, 0.26206, 13.1025, 0.285694, -106.959, 0.109273, 122.167
7, 3540.00000, 227.287, -28.6576, 226.665, -148.696, 226.828, 91.2386, 0.010516, 13.8152, 0.166314, 133.146, 0.262048, 13.1079, 0.28568, -106.954, 0.109269, 122.172
8, 0.00000, 227.316, -28.6446, 226.687, -148.684, 226.851, 91.2507, 0.0105997, 13.8583, 0.166294, 133.159, 0.262023, 13.1207, 0.285653, -106.942, 0.10926, 122.184
8, 60.00000, 227.338, -28.652, 226.598, -148.687, 226.724, 91.223, 0.0083312, -3.86198, 0.190032, 133.152, 0.238301, 13.1169, 0.238174, -106.97, 0.0478936, 132.893
8, 120.00000, 227.362, -28.6409, 226.617, -148.676, 226.744, 91.2333, 0.00839813, -3.66925, 0.190012, 133.163, 0.238281, 13.1278, 0.238153, -106.959, 0.0478913, 132.902
8, 180.00000, 227.374, -28.6354, 226.626, -148.671, 226.754, 91.2385, 0.0084319, -3.57314, 0.19, 133.169, 0.238269, 13.1333, 0.238142, -106.954, 0.0478905, 132.907
8, 240.00000, 227.411, -28.6188, 226.655, -148.654, 226.783, 91.2541, 0.00853253, -3.29139, 0.189971, 133.185, 0.238241, 13.1497, 0.238112, -106.939, 0.0478873, 132.922
8, 300.00000, 227.436, -28.6073, 226.675, -148.643, 226.804, 91.2648, 0.0086021, -3.10049, 0.18995, 133.197, 0.23822, 13.161, 0.238091, -106.928, 0.0478853, 132.932
8, 360.00000, 227.291, -28.6001, 226.68, -148.656, 226.937, 91.2956, 0.0111109, 3.00438, 0.285109, 133.204, 0.21439, 13.1477, 0.190361, -106.896, 0.0853489, -60.7218
8, 420.00000, 227.328, -28.5833, 226.709, -148.639, 226.967, 91.3114, 0.0112173, 3.16492, 0.285063, 133.22, 0.214363, 13.1644, 0.190337, -106.881, 0.0853301, -60.7049
8, 480.00000, 227.355, -28.5713, 226.729, -148.628, 226.988, 91.3225, 0.0112925, 3.27677, 0.285029, 133.232, 0.214344, 13.1762, 0.190319, -106.87, 0.085317, -60.693
8, 540.00000, 227.388, -28.5562, 226.755, -148.613, 227.015, 91.3366, 0.0113879, 3.41656, 0.284988, 133.247, 0.214319, 13.1911, 0.190297, -106.855, 0.0853007, -60.678
8, 600.00000, 227.423, -28.5407, 226.782, -148.597, 227.042, 91.3511, 0.0114861, 3.55824, 0.284945, 133.263, 0.214294, 13.2065, 0.190274, -106.841, 0.0852838, -60.6626
8, 660.00000, 227.571, -28.528, 226.846, -148.57, 226.991, 91.3498, 0.0137484, -2.76744, 0.261031, 133.276, 0.261839, 13.2334, 0.237894, -106.842, 0.0233762, -107.482
8, 720.00000, 227.6, -28.5148, 226.868, -148.557, 227.015, 91.3621, 0.0138282, -2.62807, 0.260999, 133.289, 0.261813, 13.2464, 0.237869, -106.829, 0.0233714, -107.475
8, 780.00000, 227.622, -28.5049, 226.885, -148.547, 227.032, 91.3714, 0.0138883, -2.52387, 0.260974, 133.299, 0.261793, 13.2562, 0.237851, -106.82, 0.0233671, -107.471
8, 840.00000, 227.627, -28.5022, 226.89, -148.544, 227.037, 91.3739, 0.0139047, -2.4955, 0.260966, 133.301, 0.261787, 13.2588, 0.237845, -106.817, 0.0233657, -107.47
8, 900.00000, 227.651, -28.4914, 226.908, -148.534, 227.056, 91.384, 0.0139705, -2.38296, 0.26094, 133.312, 0.261767, 13.2695, 0.237826, -106.807, 0.0233613, -107.465
8, 960.00000, 227.713, -28.4779, 226.796, -148.534, 227.041, 91.37, 0.0129404, 15.3756, 0.166005, 133.325, 0.190469, 13.27, 0.237846, -106.822, 0.0632394, 92.4019
8, 1020.00000, 227.712, -28.4782, 226.796, -148.535, 227.041, 91.3698, 0.0129386, 15.375, 0.166006, 133.325, 0.190469, 13.2697, 0.237846, -106.822, 0.0632393, 92.4015
8, 1080.00000, 227.73, -28.4701, 226.809, -148.527, 227.055, 91.3773, 0.0129908, 15.3928, 0.165993, 133.333, 0.190458, 13.2776, 0.237831, -106.814, 0.0632367, 92.4095
8, 1140.00000, 227.746, -28.4628, 226.822, -148.519, 227.068, 91.3842, 0.0130387, 15.409, 0.165981, 133.34, 0.190447, 13.2849, 0.237818, -106.808, 0.0632343, 92.417
8, 1200.00000, 227.752, -28.46, 226.827, -148.517, 227.073, 91.3868, 0.013057, 15.4151, 0.165976, 133.343, 0.190443, 13.2877, 0.237812, -106.805, 0.0632334, 92.42
8, 1260.00000, 227.704, -28.4527, 226.967, -148.499, 227.124, 91.4249, 0.0110372, 3.00911, 0.284592, 133.351, 0.23791, 13.3051, 0.21398, -106.767, 0.0623018, -65.7709
8, 1320.00000, 227.722, -28.4445, 226.981, -148.491, 227.138, 91.4327, 0.0110892, 3.08917, 0.28457, 133.359, 0.237896, 13.3133, 0.213967, -106.759, 0.0622942, -65.7628
8, 1380.00000, 227.728, -28.442, 226.985, -148.488, 227.143, 91.435, 0.0111051, 3.1136, 0.284561, 133.362, 0.23789, 13.3158, 0.213962, -106.757, 0.0622914, -65.7606
8, 1440.00000, 227.744, -28.4346, 226.998, -148.481, 227.156, 91.4419, 0.0111519, 3.18477, 0.284542, 133.369, 0.237878, 13.3231, 0.213951, -106.75, 0.0622855, -65.7533
8, 1500.00000, 227.76, -28.4271, 227.011, -148.473, 227.169, 91.449, 0.0111996, 3.25683, 0.284522, 133.377, 0.237864, 13.3305, 0.213938, -106.743, 0.0622788, -65.7461
8, 1560.00000, 227.969, -28.4084, 226.994, -148.447, 227.193, 91.448, 0.0131435, 3.01045, 0.213197, 133.395, 0.190303, 13.357, 0.237684, -106.744, 0.0413855, 43.9588
8, 1620.00000, 227.983, -28.4021, 227.005, -148.44, 227.204, 91.4538, 0.0131835, 3.06388, 0.213183, 133.401, 0.190293, 13.3633, 0.237671, -106.738, 0.0413833, 43.9678
8, 1680.00000, 228.001, -28.3937, 227.019, -148.432, 227.218, 91.4616, 0.0132356, 3.13299, 0.213168, 133.41, 0.190283, 13.3715, 0.237657, -106.73, 0.0413819, 43.9775
8, 1740.00000, 228.019, -28.3853, 227.033, -148.424, 227.233, 91.4695, 0.0132887, 3.20283, 0.213151, 133.418, 0.190271, 13.3798, 0.237642, -106.722, 0.0413802, 43.9884
8, 1800.00000, 228.027, -28.3819, 227.039, -148.42, 227.239, 91.4727, 0.0133106, 3.23144, 0.213142, 133.421, 0.190265, 13.3832, 0.237634, -106.719, 0.0413792, 43.9936
8, 1860.00000, 227.775, -28.3869, 227.129, -148.433, 227.338, 91.504, 0.0154021, 5.71069, 0.260799, 133.416, 0.237735, 13.3704, 0.237533, -106.687, 0.0233717, -46.2591
8, 1920.00000, 227.793, -28.3787, 227.143, -148.425, 227.353, 91.5117, 0.0154545, 5.76216, 0.260778, 133.424, 0.237722, 13.3786, 0.237518, -106.679, 0.0233669, -46.2506
8, 1980.00000, 227.817, -28.3676, 227.162, -148.414, 227.372, 91.522, 0.0155253, 5.83088, 0.26075, 133.435, 0.237702, 13.3896, 0.237497, -106.669, 0.0233611, -46.2364
8, 2040.00000, 227.842, -28.3562, 227.181, -148.403, 227.392, 91.5327, 0.015598, 5.90081, 0.260722, 133.447, 0.237682, 13.4008, 0.237477, -106.658, 0.0233553, -46.2219
8, 2100.00000, 227.851, -28.3524, 227.187, -148.399, 227.399, 91.5362, 0.0156224, 5.92417, 0.26071, 133.451, 0.237673, 13.4046, 0.237468, -106.655, 0.0233526, -46.2171
8, 2160.00000, 228.006, -28.3377, 227.148, -148.378, 227.325, 91.524, 0.0138366, -4.21134, 0.260533, 133.466, 0.213947, 13.4246, 0.237544, -106.667, 0.0408225, -15.9205
8, 2220.00000, 228.042, -28.3213, 227.176, -148.362, 227.354, 91.5393, 0.0139354, -4.02635, 0.260494, 133.482, 0.213921, 13.4407, 0.237514, -106.652, 0.0408149, -15.8989
8, 2280.00000, 228.08, -28.3041, 227.205, -148.345, 227.384, 91.5555, 0.0140401, -3.83299, 0.260451, 133.5, 0.213894, 13.4578, 0.237483, -106.636, 0.0408056, -15.8756
8, 2340.00000, 228.089, -28.3001, 227.212, -148.341, 227.391, 91.5592, 0.014065, -3.78746, 0.260438, 133.504, 0.213886, 13.4618, 0.237474, -106.632, 0.0408024, -15.8696
8, 2400.00000, 228.112, -28.2893, 227.23, -148.331, 227.41, 91.5693, 0.0141302, -3.66893, 0.260414, 133.514, 0.21387, 13.4724, 0.237456, -106.622, 0.0407975, -15.8554
8, 2460.00000, 228.051, -28.2858, 227.37, -148.319, 227.436, 91.5999, 0.0164085, 0.468079, 0.236804, 133.517, 0.213736, 13.4839, 0.213686, -106.591, 0.023336, -45.9409
8, 2520.00000, 228.075, -28.2748, 227.389, -148.308, 227.455, 91.6102, 0.0164769, 0.55615, 0.23678, 133.528, 0.213718, 13.4948, 0.213668, -106.581, 0.023331, -45.926
8, 2580.00000, 228.081, -28.2723, 227.393, -148.306, 227.46, 91.6125, 0.0164928, 0.576544, 0.236773, 133.531, 0.213713, 13.4972, 0.213663, -106.578, 0.0233292, -45.923
8, 2640.00000, 228.112, -28.258, 227.417, -148.292, 227.485, 91.6259, 0.0165813, 0.689473, 0.236742, 133.545, 0.213692, 13.5113, 0.213641, -106.565, 0.0233231, -45.9055
8, 2700.00000, 228.133, -28.2481, 227.434, -148.282, 227.502, 91.6352, 0.0166435, 0.768183, 0.236719, 133.555, 0.213676, 13.5212, 0.213624, -106.556, 0.0233182, -45.8934
8, 2760.00000, 228.211, -28.2479, 227.437, -148.268, 227.429, 91.633, 0.0150625, 6.42802, 0.236635, 133.555, 0.284898, 13.5352, 0.213695, -106.558, 0.0626391, -147.844
8, 2820.00000, 228.216, -28.2457, 227.44, -148.266, 227.432, 91.635, 0.0150765, 6.44135, 0.23663, 133.557, 0.284892, 13.5373, 0.213691, -106.556, 0.0626379, -147.843
8, 2880.00000, 228.231, -28.2389, 227.452, -148.259, 227.444, 91.6414, 0.0151202, 6.48294, 0.236616, 133.564, 0.284879, 13.5441, 0.21368, -106.55, 0.0626346, -147.838
8, 2940.00000, 228.237, -28.2363, 227.456, -148.257, 227.449, 91.6439, 0.0151373, 6.49905, 0.236608, 133.567, 0.284872, 13.5467, 0.213675, -106.547, 0.0626331, -147.836
8, 3000.00000, 228.261, -28.2251, 227.475, -148.246, 227.468, 91.6543, 0.0152082, 6.56599, 0.236585, 133.578, 0.28485, 13.5577, 0.213658, -106.537, 0.0626278, -147.828
8, 3060.00000, 228.256, -28.2095, 227.436, -148.245, 227.496, 91.6522, 0.0121944, 16.7517, 0.141951, 133.593, 0.261159, 13.5589, 0.213633, -106.54, 0.103542, 156.819
8, 3120.00000, 228.256, -28.2092, 227.436, -148.245, 227.496, 91.6524, 0.0121958, 16.7519, 0.141951, 133.594, 0.261158, 13.5591, 0.213633, -106.539, 0.103542, 156.819
8, 3180.00000, 228.292, -28.193, 227.464, -148.229, 227.524, 91.6675, 0.0123022, 16.7792, 0.14193, 133.61, 0.261128, 13.5751, 0.213607, -106.524, 0.10353, 156.834
8, 3240.00000, 228.304, -28.1873, 227.473, -148.224, 227.535, 91.6728, 0.0123402, 16.7885, 0.14192, 133.616, 0.261114, 13.5807, 0.213596, -106.519, 0.103526, 156.839
8, 3300.00000, 228.331, -28.1746, 227.494, -148.211, 227.556, 91.6846, 0.0124223, 16.8096, 0.141905, 133.628, 0.261092, 13.5931, 0.213577, -106.507, 0.103517, 156.851
8, 3360.00000, 228.319, -28.171, 227.459, -148.207, 227.591, 91.6943, 0.0122728, 10.9021, 0.260173, 133.632, 0.261134, 13.5971, 0.213543, -106.497, 0.0469744, -106.891
8, 3420.00000, 228.348, -28.1579, 227.48, -148.194, 227.614, 91.7065, 0.0123582, 10.9651, 0.260141, 133.645, 0.261109, 13.61, 0.213522, -106.485, 0.0469662, -106.881
8, 3480.00000, 228.372, -28.1467, 227.499, -148.183, 227.633, 91.7167, 0.0124297, 11.0173, 0.260114, 133.656, 0.261087, 13.6209, 0.213504, -106.475, 0.0469588, -106.873
8, 3540.00000, 228.389, -28.1385, 227.512, -148.175, 227.647, 91.7242, 0.0124823, 11.0552, 0.260093, 133.665, 0.261072, 13.6289, 0.213491, -106.468, 0.046953, -106.867
9, 0.00000, 228.403, -28.132, 227.523, -148.169, 227.658, 91.7301, 0.0125235, 11.0846, 0.260078, 133.671, 0.261059, 13.6352, 0.213481, -106.462, 0.0469485, -106.862
9, 60.00000, 228.397, -28.1666, 227.432, -148.183, 227.512, 91.6881, 0.0171582, 6.43592, 0.236445, 133.636, 0.213676, 13.6205, 0.237351, -106.502, 0.023726, 14.9773
9, 120.00000, 228.442, -28.1456, 227.467, -148.162, 227.548, 91.7074, 0.0172906, 6.54934, 0.236398, 133.657, 0.213642, 13.641, 0.237314, -106.483, 0.0237228, 15.0148
9, 180.00000, 228.466, -28.1344, 227.486, -148.151, 227.567, 91.7176, 0.0173602, 6.60848, 0.236374, 133.668, 0.213626, 13.6519, 0.237295, -106.473, 0.0237211, 15.0351
9, 240.00000, 228.422, -28.1552, 227.451, -148.172, 227.532, 91.6986, 0.0172301, 6.49792, 0.23642, 133.647, 0.213658, 13.6317, 0.237331, -106.492, 0.0237239, 14.9979
9, 300.00000, 228.461, -28.1371, 227.481, -148.154, 227.562, 91.7152, 0.0173438, 6.59443, 0.236379, 133.666, 0.213629, 13.6493, 0.237299, -106.475, 0.0237216, 15.03
9, 360.00000, 228.425, -28.107, 227.487, -148.163, 227.75, 91.7456, 0.0146037, 9.55881, 0.236413, 133.696, 0.261098, 13.6406, 0.284525, -106.446, 0.0415666, 103.725
9, 420.00000, 228.451, -28.0951, 227.506, -148.152, 227.77, 91.7563, 0.0146782, 9.61502, 0.236387, 133.708, 0.261077, 13.6521, 0.284501, -106.435, 0.0415664, 103.735
9, 480.00000, 228.47, -28.086, 227.521, -148.143, 227.785, 91.7644, 0.014735, 9.65733, 0.236367, 133.717, 0.26106, 13.6608, 0.284482, -106.427, 0.0415665, 103.742
9, 540.00000, 228.473, -28.0845, 227.523, -148.141, 227.788, 91.7657, 0.0147445, 9.66426, 0.236363, 133.718, 0.261056, 13.6622, 0.284477, -106.425, 0.0415662, 103.743
9, 600.00000, 228.5, -28.0717, 227.544, -148.129, 227.809, 91.7772, 0.0148236, 9.72292, 0.236336, 133.731, 0.261033, 13.6746, 0.284453, -106.414, 0.0415669, 103.752
9, 660.00000, 228.465, -28.0678, 227.643, -148.118, 227.803, 91.7884, 0.0181713, 2.98664, 0.212738, 133.735, 0.189758, 13.6845, 0.237048, -106.402, 0.0413226, 44.177
9, 720.00000, 228.423, -28.0878, 227.61, -148.138, 227.77, 91.7705, 0.0180512, 2.86121, 0.212778, 133.715, 0.189785, 13.6653, 0.237082, -106.42, 0.0413223, 44.1514
9, 780.00000, 228.472, -28.0645, 227.648, -148.115, 227.808, 91.7912, 0.0181909, 3.00702, 0.212732, 133.738, 0.189753, 13.6876, 0.237042, -106.399, 0.0413217, 44.1797
9, 840.00000, 228.489, -28.0565, 227.661, -148.108, 227.821, 91.7983, 0.0182385, 3.05642, 0.212717, 133.746, 0.189743, 13.6953, 0.237029, -106.392, 0.0413214, 44.1898
9, 900.00000, 228.491, -28.0557, 227.662, -148.107, 227.823, 91.7991, 0.0182437, 3.06173, 0.212714, 133.747, 0.189742, 13.6961, 0.237026, -106.391, 0.0413212, 44.1907
9, 960.00000, 228.58, -28.052, 227.624, -148.095, 227.783, 91.7913, 0.0141042, 16.0403, 0.189001, 133.751, 0.23722, 13.7092, 0.260778, -106.4, 0.0630898, 114.471
9, 1020.00000, 228.602, -28.0417, 227.64, -148.085, 227.8, 91.8005, 0.0141685, 16.0594, 0.188983, 133.761, 0.237203, 13.7191, 0.260759, -106.391, 0.0630876, 114.479
9, 1080.00000, 228.618, -28.034, 227.652, -148.078, 227.813, 91.8073, 0.0142161, 16.0734, 0.18897, 133.769, 0.23719, 13.7264, 0.260745, -106.384, 0.0630857, 114.485
9, 1140.00000, 228.627, -28.0298, 227.659, -148.074, 227.82, 91.8111, 0.0142428, 16.081, 0.188961, 133.773, 0.237181, 13.7304, 0.260735, -106.38, 0.0630842, 114.489
9, 1200.00000, 228.645, -28.0215, 227.672, -148.066, 227.833, 91.8185, 0.0142944, 16.0965, 0.188948, 133.781, 0.237169, 13.7384, 0.260721, -106.373, 0.0630827, 114.495
9, 1260.00000, 228.626, -28.0141, 227.613, -148.074, 227.906, 91.8214, 0.0106249, 1.56845, 0.236203, 133.79, 0.260959, 13.7297, 0.189551, -106.371, 0.0624467, -125.904
9, 1320.00000, 228.647, -28.0042, 227.629, -148.064, 227.922, 91.8303, 0.0106846, 1.67393, 0.236182, 133.8, 0.260941, 13.7393, 0.189539, -106.362, 0.0624391, -125.898
9, 1380.00000, 228.723, -27.9678, 227.687, -148.029, 227.981, 91.8626, 0.0109024, 2.05132, 0.236103, 133.836, 0.260874, 13.7744, 0.189489, -106.33, 0.0624121, -125.87
9, 1440.00000, 228.724, -27.9674, 227.688, -148.029, 227.982, 91.863, 0.010905, 2.05576, 0.236102, 133.836, 0.260873, 13.7748, 0.189489, -106.329, 0.0624117, -125.87
9, 1500.00000, 228.68, -27.9883, 227.654, -148.049, 227.948, 91.8444, 0.0107806, 1.84136, 0.236147, 133.815, 0.260911, 13.7545, 0.189516, -106.348, 0.0624274, -125.885
9, 1560.00000, 228.815, -27.9561, 227.739, -148.005, 227.881, 91.8577, 0.0184842, 4.75543, 0.236015, 133.847, 0.213386, 13.7977, 0.260663, -106.332, 0.0414427, 44.4846
9, 1620.00000, 228.873, -27.9284, 227.784, -147.978, 227.926, 91.8824, 0.0186484, 4.90915, 0.235955, 133.874, 0.213345, 13.825, 0.260612, -106.308, 0.0414421, 44.5162
9, 1680.00000, 228.847, -27.9407, 227.764, -147.99, 227.906, 91.8714, 0.0185756, 4.84116, 0.235981, 133.862, 0.213363, 13.8128, 0.260634, -106.319, 0.0414421, 44.5025
9, 1740.00000, 228.895, -27.9174, 227.801, -147.967, 227.943, 91.8921, 0.0187131, 4.96924, 0.235932, 133.885, 0.213328, 13.8357, 0.260592, -106.298, 0.0414421, 44.5284
9, 1800.00000, 228.865, -27.9323, 227.778, -147.982, 227.919, 91.8789, 0.0186254, 4.88772, 0.235963, 133.87, 0.21335, 13.8211, 0.260619, -106.311, 0.0414417, 44.5118
9, 1860.00000, 228.858, -27.941, 227.824, -147.985, 227.949, 91.8893, 0.014498, 11.2586, 0.212369, 133.862, 0.23701, 13.8187, 0.213208, -106.302, 0.0237017, -167.589
9, 1920.00000, 228.842, -27.9491, 227.811, -147.993, 227.936, 91.882, 0.0144485, 11.2261, 0.212384, 133.854, 0.237024, 13.8107, 0.21322, -106.309, 0.0237045, -167.591
9, 1980.00000, 228.913, -27.9144, 227.867, -147.959, 227.991, 91.9127, 0.0146585, 11.3644, 0.212318, 133.888, 0.236966, 13.8447, 0.213168, -106.279, 0.0236933, -167.576
9, 2040.00000, 228.938, -27.9021, 227.886, -147.947, 228.011, 91.9234, 0.0147314, 11.4117, 0.212295, 133.901, 0.236947, 13.8566, 0.213151, -106.268, 0.0236893, -167.573
9, 2100.00000, 228.92, -27.9112, 227.871, -147.956, 227.996, 91.9154, 0.0146773, 11.3766, 0.212312, 133.892, 0.236961, 13.8477, 0.213163, -106.276, 0.0236923, -167.575
9, 2160.00000, 228.912, -27.8786, 227.845, -147.941, 228.041, 91.9258, 0.0172921, 6.29611, 0.188731, 133.924, 0.213289, 13.8624, 0.14208, -106.265, 0.062344, -125.676
9, 2220.00000, 228.957, -27.8564, 227.879, -147.919, 228.076, 91.945, 0.0174201, 6.40911, 0.188694, 133.946, 0.213256, 13.8838, 0.142059, -106.245, 0.0623286, -125.658
9, 2280.00000, 228.908, -27.8803, 227.842, -147.942, 228.039, 91.9243, 0.0172821, 6.28719, 0.188734, 133.922, 0.213291, 13.8608, 0.142082, -106.266, 0.062345, -125.678
9, 2340.00000, 229.002, -27.834, 227.914, -147.898, 228.111, 91.9647, 0.01755, 6.5217, 0.188657, 133.969, 0.213223, 13.9053, 0.142037, -106.226, 0.0623132, -125.639
9, 2400.00000, 229.012, -27.8293, 227.921, -147.893, 228.118, 91.9688, 0.0175768, 6.54512, 0.188649, 133.973, 0.213217, 13.9099, 0.142033, -106.222, 0.0623104, -125.636
9, 2460.00000, 229.077, -27.842, 227.878, -147.884, 228.074, 91.9688, 0.0149463, -0.929192, 0.259316, 133.961, 0.236956, 13.9192, 0.213088, -106.222, 0.0402025, -76.2706
9, 2520.00000, 229.12, -27.8208, 227.911, -147.864, 228.107, 91.9878, 0.0150653, -0.748063, 0.259268, 133.983, 0.236922, 13.9395, 0.213058, -106.203, 0.0401882, -76.2467
9, 2580.00000, 229.157, -27.8023, 227.939, -147.846, 228.136, 92.0043, 0.0151695, -0.59114, 0.259226, 134.001, 0.236892, 13.9574, 0.213031, -106.187, 0.0401763, -76.2263
9, 2640.00000, 229.151, -27.8054, 227.934, -147.849, 228.131, 92.0016, 0.0151521, -0.617128, 0.259234, 133.998, 0.236898, 13.9544, 0.213035, -106.19, 0.0401787, -76.2295
9, 2700.00000, 229.129, -27.8161, 227.918, -147.859, 228.114, 91.9919, 0.0150918, -0.708104, 0.259257, 133.987, 0.236914, 13.944, 0.21305, -106.199, 0.0401857, -76.2415
9, 2760.00000, 229.142, -27.8042, 228.06, -147.845, 228.127, 92.0195, 0.0186999, 22.1749, 0.164972, 133.997, 0.260436, 13.9598, 0.284061, -106.171, 0.10874, 122.883
9, 2820.00000, 229.186, -27.7821, 228.094, -147.824, 228.161, 92.0389, 0.0188284, 22.1684, 0.16494, 134.019, 0.260398, 13.9807, 0.284018, -106.152, 0.108726, 122.901
9, 2880.00000, 229.163, -27.7936, 228.076, -147.835, 228.143, 92.0287, 0.0187611, 22.1717, 0.164957, 134.008, 0.260418, 13.9697, 0.28404, -106.162, 0.108733, 122.892
9, 2940.00000, 229.188, -27.781, 228.095, -147.822, 228.163, 92.0399, 0.0188348, 22.1685, 0.164939, 134.021, 0.260397, 13.9819, 0.284016, -106.151, 0.108725, 122.902
9, 3000.00000, 229.22, -27.7647, 228.12, -147.807, 228.188, 92.0542, 0.0189293, 22.1643, 0.164916, 134.037, 0.260368, 13.9974, 0.283985, -106.136, 0.108714, 122.915
9, 3060.00000, 229.142, -27.7599, 227.995, -147.829, 228.24, 92.0488, 0.0173246, 9.2154, 0.235676, 134.043, 0.213148, 13.974, 0.189276, -106.142, 0.0402341, -76.1639
9, 3120.00000, 229.161, -27.7501, 228.009, -147.82, 228.255, 92.0576, 0.0173812, 9.25526, 0.235656, 134.052, 0.213134, 13.9834, 0.189264, -106.133, 0.0402281, -76.1529
9, 3180.00000, 229.148, -27.7569, 227.999, -147.827, 228.245, 92.0515, 0.017342, 9.22758, 0.23567, 134.046, 0.213144, 13.9769, 0.189272, -106.139, 0.0402323, -76.1602
9, 3240.00000, 229.199, -27.7311, 228.038, -147.802, 228.285, 92.0745, 0.0174911, 9.3316, 0.235618, 134.071, 0.213107, 14.0016, 0.189239, -106.116, 0.0402164, -76.1326
9, 3300.00000, 229.248, -27.706, 228.076, -147.778, 228.324, 92.0969, 0.0176361, 9.43128, 0.235567, 134.096, 0.213072, 14.0257, 0.189207, -106.094, 0.0402009, -76.1058
9, 3360.00000, 229.291, -27.6909, 228.196, -147.752, 228.388, 92.119, 0.0182691, 3.14114, 0.235525, 134.112, 0.189297, 14.0505, 0.212797, -106.071, 0.0406169, -15.0972
9, 3420.00000, 229.31, -27.6814, 228.21, -147.743, 228.402, 92.1275, 0.0183224, 3.1976, 0.235506, 134.121, 0.189286, 14.0597, 0.212783, -106.063, 0.0406136, -15.0845
9, 3480.00000, 229.338, -27.6672, 228.232, -147.729, 228.424, 92.1401, 0.0184015, 3.28087, 0.235477, 134.136, 0.189268, 14.0734, 0.212763, -106.05, 0.0406091, -15.0646
9, 3540.00000, 229.329, -27.6714, 228.225, -147.733, 228.418, 92.1364, 0.0183783, 3.25656, 0.235486, 134.131, 0.189274, 14.0694, 0.212769, -106.054, 0.0406108, -15.0706
10, 0.00000, 229.372, -27.6497, 228.258, -147.712, 228.451, 92.1558, 0.0184993, 3.38304, 0.235442, 134.153, 0.189246, 14.0904, 0.212738, -106.034, 0.0406036, -15.0398
10, 60.00000, 229.016, -27.916, 227.877, -147.968, 228.029, 91.9011, 0.0178157, 21.2153, 0.141482, 133.886, 0.213257, 13.8362, 0.213135, -106.29, 0.0713088, 133.635
10, 120.00000, 229.009, -27.9192, 227.873, -147.971, 228.024, 91.8985, 0.0177972, 21.2159, 0.141487, 133.883, 0.213261, 13.8333, 0.213141, -106.292, 0.0713107, 133.632
10, 180.00000, 229.02, -27.9138, 227.881, -147.966, 228.033, 91.9031, 0.0178291, 21.2149, 0.141479, 133.888, 0.213253, 13.8383, 0.213133, -106.288, 0.0713084, 133.636
10, 240.00000, 229.032, -27.908, 227.89, -147.96, 228.042, 91.9082, 0.0178638, 21.214, 0.141472, 133.894, 0.213245, 13.8438, 0.213124, -106.282, 0.071306, 133.64
10, 300.00000, 229.076, -27.8865, 227.923, -147.94, 228.076, 91.9267, 0.0179915, 21.2106, 0.141445, 133.915, 0.213213, 13.8639, 0.213093, -106.264, 0.0712965, 133.655
10, 360.00000, 229.236, -27.8632, 227.99, -147.905, 228.067, 91.9334, 0.021517, 7.61775, 0.212025, 133.939, 0.189466, 13.8978, 0.236774, -106.256, 0.0414425, 44.6499
10, 420.00000, 229.251, -27.8559, 228.001, -147.898, 228.078, 91.9396, 0.021558, 7.64553, 0.212011, 133.946, 0.189457, 13.9047, 0.236763, -106.25, 0.0414437, 44.6585
10, 480.00000, 228.999, -27.9783, 227.812, -148.013, 227.887, 91.8348, 0.0208516, 7.15659, 0.212244, 133.824, 0.189614, 13.7897, 0.236962, -106.355, 0.0414322, 44.5177
10, 540.00000, 229.12, -27.9198, 227.903, -147.958, 227.98, 91.8854, 0.0211938, 7.39707, 0.212131, 133.882, 0.189539, 13.845, 0.236865, -106.304, 0.0414349, 44.5857
10, 600.00000, 229.252, -27.8554, 228.002, -147.898, 228.079, 91.9399, 0.0215608, 7.64746, 0.21201, 133.947, 0.189457, 13.9051, 0.236762, -106.25, 0.0414433, 44.6588
10, 660.00000, 229.203, -27.8516, 228.071, -147.893, 228.111, 91.9484, 0.0188359, 4.66951, 0.235616, 133.951, 0.236751, 13.9104, 0.236728, -106.242, 0.000739855, 95.409
10, 720.00000, 229.202, -27.8518, 228.071, -147.893, 228.11, 91.9482, 0.0188345, 4.66827, 0.235616, 133.951, 0.236751, 13.9102, 0.236729, -106.242, 0.000740026, 95.4129
10, 780.00000, 229.191, -27.8575, 228.062, -147.898, 228.102, 91.9434, 0.018803, 4.63893, 0.235628, 133.945, 0.23676, 13.9049, 0.236737, -106.247, 0.000737657, 95.4984
10, 840.00000, 229.193, -27.8566, 228.063, -147.897, 228.103, 91.9441, 0.0188077, 4.6434, 0.235626, 133.946, 0.236759, 13.9057, 0.236736, -106.246, 0.00073807, 95.4909
10, 900.00000, 229.192, -27.8571, 228.063, -147.898, 228.102, 91.9437, 0.0188051, 4.64107, 0.235627, 133.946, 0.23676, 13.9053, 0.236737, -106.246, 0.000737923, 95.5056
10, 960.00000, 229.094, -27.8653, 228.058, -147.916, 228.155, 91.9545, 0.0207646, 6.80925, 0.212156, 133.937, 0.18941, 13.8864, 0.213015, -106.235, 0.0237366, 15.3619
10, 1020.00000, 229.166, -27.8295, 228.112, -147.883, 228.209, 91.9846, 0.0209662, 6.95678, 0.212089, 133.973, 0.189364, 13.9196, 0.212964, -106.205, 0.0237413, 15.4247
10, 1080.00000, 229.182, -27.8217, 228.124, -147.876, 228.221, 91.9912, 0.0210101, 6.98926, 0.212074, 133.98, 0.189355, 13.9272, 0.212953, -106.198, 0.0237418, 15.4379
10, 1140.00000, 229.187, -27.8191, 228.128, -147.873, 228.225, 91.9933, 0.0210246, 6.9998, 0.212069, 133.983, 0.189351, 13.9295, 0.212949, -106.196, 0.0237423, 15.442
10, 1200.00000, 229.187, -27.819, 228.128, -147.873, 228.225, 91.9934, 0.0210251, 7.00017, 0.212069, 133.983, 0.189351, 13.9296, 0.212949, -106.196, 0.0237423, 15.4422
10, 1260.00000, 229.195, -27.7955, 227.914, -147.881, 228.315, 91.9897, 0.0163797, 25.8607, 0.0942472, 134.006, 0.16584, 13.9233, 0.236522, -106.201, 0.123024, 103.873
10, 1320.00000, 229.191, -27.7971, 227.911, -147.883, 228.313, 91.9883, 0.0163705, 25.8638, 0.0942485, 134.005, 0.165842, 13.9219, 0.236525, -106.203, 0.123025, 103.872
10, 1380.00000, 229.177, -27.8045, 227.9, -147.89, 228.301, 91.9819, 0.0163277, 25.8772, 0.0942544, 133.997, 0.16585, 13.9148, 0.236536, -106.209, 0.123031, 103.866
10, 1440.00000, 229.18, -27.803, 227.902, -147.888, 228.304, 91.9832, 0.0163366, 25.8743, 0.094253, 133.999, 0.165848, 13.9162, 0.236534, -106.208, 0.12303, 103.867
10, 1500.00000, 229.179, -27.8035, 227.902, -147.889, 228.303, 91.9828, 0.0163337, 25.8754, 0.0942537, 133.998, 0.165849, 13.9158, 0.236535, -106.208, 0.12303, 103.866
10, 1560.00000, 229.249, -27.8024, 227.951, -147.872, 228.213, 91.977, 0.0186595, 11.2484, 0.235567, 134, 0.1895, 13.9318, 0.236625, -106.213, 0.0473626, 14.8465
10, 1620.00000, 229.26, -27.797, 227.96, -147.867, 228.221, 91.9814, 0.0186903, 11.2658, 0.235555, 134.005, 0.189492, 13.9368, 0.236614, -106.209, 0.0473624, 14.853
10, 1680.00000, 229.281, -27.7866, 227.975, -147.857, 228.237, 91.9904, 0.0187494, 11.2993, 0.235534, 134.016, 0.18948, 13.9468, 0.2366, -106.2, 0.0473624, 14.8668
10, 1740.00000, 229.277, -27.7885, 227.972, -147.859, 228.234, 91.9887, 0.0187384, 11.2931, 0.235539, 134.014, 0.189482, 13.945, 0.236603, -106.202, 0.0473624, 14.864
10, 1800.00000, 229.309, -27.7723, 227.997, -147.843, 228.259, 92.0025, 0.0188302, 11.3449, 0.235505, 134.03, 0.189462, 13.9605, 0.236578, -106.188, 0.0473622, 14.8852
10, 1860.00000, 229.194, -27.7963, 228.238, -147.831, 228.209, 92.0274, 0.017987, -11.2437, 0.235627, 134.008, 0.236584, 13.9706, 0.165632, -106.163, 0.0703433, -106.328
10, 1920.00000, 229.183, -27.8014, 228.23, -147.836, 228.202, 92.0232, 0.0179615, -11.2971, 0.235638, 134.002, 0.23659, 13.9657, 0.165641, -106.167, 0.0703443, -106.332
10, 1980.00000, 229.179, -27.8036, 228.227, -147.838, 228.199, 92.0213, 0.0179509, -11.3193, 0.235642, 134, 0.236594, 13.9636, 0.165643, -106.169, 0.0703459, -106.334
10, 2040.00000, 229.181, -27.8026, 228.228, -147.837, 228.2, 92.0221, 0.0179557, -11.3094, 0.235639, 134.001, 0.236592, 13.9646, 0.165641, -106.168, 0.0703451, -106.333
10, 2100.00000, 229.181, -27.8024, 228.229, -147.837, 228.2, 92.0223, 0.0179566, -11.3075, 0.235639, 134.001, 0.236591, 13.9648, 0.165641, -106.168, 0.0703449, -106.333
10, 2160.00000, 229.255, -27.7545, 228.077, -147.833, 228.355, 92.0297, 0.0203499, 10.6472, 0.212007, 134.047, 0.16572, 13.9704, 0.212829, -106.16, 0.0473687, 14.7108
10, 2220.00000, 229.267, -27.7482, 228.087, -147.827, 228.364, 92.0351, 0.0203851, 10.6672, 0.211995, 134.054, 0.165713, 13.9765, 0.212821, -106.155, 0.0473683, 14.7199
10, 2280.00000, 229.293, -27.735, 228.106, -147.814, 228.384, 92.0463, 0.0204583, 10.7087, 0.211971, 134.067, 0.165699, 13.9891, 0.212803, -106.144, 0.0473677, 14.7366
10, 2340.00000, 229.31, -27.7264, 228.119, -147.806, 228.397, 92.0537, 0.0205064, 10.7355, 0.211955, 134.075, 0.165689, 13.9972, 0.212791, -106.136, 0.0473669, 14.7477
10, 2400.00000, 229.332, -27.715, 228.136, -147.795, 228.414, 92.0637, 0.0205703, 10.771, 0.211935, 134.087, 0.165677, 14.0081, 0.212775, -106.126, 0.0473655, 14.7627
10, 2460.00000, 229.379, -27.7172, 228.188, -147.777, 228.363, 92.0701, 0.0193145, 1.97378, 0.258978, 134.086, 0.260293, 14.0257, 0.236467, -106.12, 0.0229394, -106.979
10, 2520.00000, 229.412, -27.7007, 228.212, -147.761, 228.388, 92.0846, 0.0194039, 2.07048, 0.258942, 134.102, 0.260265, 14.0416, 0.23644, -106.105, 0.0229311, -106.965
10, 2580.00000, 229.414, -27.6997, 228.214, -147.76, 228.389, 92.0855, 0.0194096, 2.07658, 0.25894, 134.103, 0.260263, 14.0426, 0.236438, -106.104, 0.0229307, -106.964
10, 2640.00000, 229.433, -27.6897, 228.229, -147.75, 228.404, 92.0944, 0.0194636, 2.13478, 0.258918, 134.113, 0.260246, 14.0522, 0.236423, -106.096, 0.0229254, -106.955
10, 2700.00000, 229.428, -27.6925, 228.224, -147.753, 228.4, 92.0919, 0.0194484, 2.11844, 0.258925, 134.11, 0.260251, 14.0495, 0.236428, -106.098, 0.0229269, -106.957
10, 2760.00000, 229.503, -27.6888, 228.138, -147.763, 228.334, 92.074, 0.0199438, 9.30332, 0.188246, 134.113, 0.213012, 14.0402, 0.283797, -106.116, 0.0858711, 87.8895
10, 2820.00000, 229.495, -27.6926, 228.133, -147.767, 228.329, 92.0708, 0.0199226, 9.28951, 0.188253, 134.109, 0.213017, 14.0366, 0.283806, -106.119, 0.0858733, 87.8856
10, 2880.00000, 229.519, -27.6801, 228.151, -147.755, 228.348, 92.0818, 0.0199923, 9.33455, 0.188233, 134.122, 0.212999, 14.0485, 0.283781, -106.108, 0.0858694, 87.8962
10, 2940.00000, 229.56, -27.6592, 228.182, -147.735, 228.379, 92.1002, 0.0201081, 9.40914, 0.1882, 134.143, 0.212971, 14.0684, 0.283742, -106.09, 0.0858627, 87.9138
10, 3000.00000, 229.588, -27.6446, 228.204, -147.721, 228.401, 92.1131, 0.0201892, 9.4613, 0.188176, 134.157, 0.21295, 14.0824, 0.283715, -106.077, 0.0858578, 87.9262
10, 3060.00000, 229.504, -27.6464, 228.269, -147.728, 228.503, 92.1308, 0.0149021, -2.0377, 0.211773, 134.157, 0.331171, 14.075, 0.189056, -106.06, 0.131597, -157.296
10, 3120.00000, 229.51, -27.6435, 228.274, -147.725, 228.507, 92.1334, 0.0149175, -2.01167, 0.211767, 134.16, 0.331163, 14.0779, 0.189052, -106.058, 0.131593, -157.293
10, 3180.00000, 229.55, -27.623, 228.304, -147.706, 228.538, 92.1518, 0.0150264, -1.83324, 0.211732, 134.18, 0.33112, 14.0975, 0.189027, -106.039, 0.131573, -157.276
10, 3240.00000, 229.558, -27.6186, 228.31, -147.701, 228.545, 92.1557, 0.0150497, -1.79585, 0.211723, 134.185, 0.33111, 14.1018, 0.18902, -106.035, 0.131569, -157.272
10, 3300.00000, 229.538, -27.6288, 228.295, -147.711, 228.529, 92.1466, 0.0149955, -1.88318, 0.211743, 134.175, 0.331134, 14.0917, 0.189036, -106.044, 0.131579, -157.281
10, 3360.00000, 229.562, -27.6306, 228.414, -147.682, 228.473, 92.1658, 0.0199989, 2.45195, 0.235248, 134.172, 0.260036, 14.1207, 0.283622, -106.024, 0.0416404, 103.842
10, 3420.00000, 229.55, -27.6372, 228.404, -147.688, 228.463, 92.1598, 0.0199624, 2.41381, 0.235262, 134.165, 0.260047, 14.1142, 0.283636, -106.03, 0.0416407, 103.836
10, 3480.00000, 229.537, -27.6439, 228.394, -147.695, 228.453, 92.1538, 0.0199264, 2.37611, 0.235275, 134.159, 0.260058, 14.1077, 0.283649, -106.036, 0.0416409, 103.831
10, 3540.00000, 229.554, -27.6348, 228.408, -147.686, 228.467, 92.162, 0.019976, 2.42781, 0.235254, 134.168, 0.260041, 14.1167, 0.283628, -106.028, 0.0416406, 103.839
11, 0.00000, 229.558, -27.633, 228.41, -147.684, 228.469, 92.1636, 0.0199854, 2.43765, 0.235252, 134.17, 0.260039, 14.1184, 0.283627, -106.026, 0.0416406, 103.84
11, 60.00000, 229.207, -27.8528, 228.069, -147.923, 228.305, 91.944, 0.0195953, 7.74436, 0.282734, 133.949, 0.260427, 13.8797, 0.212875, -106.246, 0.0617229, -87.2554
11, 120.00000, 229.202, -27.8549, 228.066, -147.925, 228.302, 91.9423, 0.0195834, 7.73594, 0.28274, 133.947, 0.260431, 13.8777, 0.212879, -106.248, 0.0617253, -87.258
11, 180.00000, 229.215, -27.8486, 228.076, -147.919, 228.312, 91.9476, 0.0196198, 7.76218, 0.282723, 133.954, 0.26042, 13.8837, 0.212869, -106.242, 0.0617191, -87.2514
11, 240.00000, 229.239, -27.837, 228.094, -147.909, 228.33, 91.9576, 0.0196865, 7.80947, 0.282694, 133.965, 0.260399, 13.8945, 0.212852, -106.232, 0.0617077, -87.2387
11, 300.00000, 229.268, -27.8228, 228.115, -147.896, 228.351, 91.9695, 0.0197659, 7.86555, 0.282659, 133.979, 0.260374, 13.9076, 0.212832, -106.22, 0.0616931, -87.2233
11, 360.00000, 229.35, -27.8271, 228.073, -147.89, 228.304, 91.9611, 0.0208803, 11.442, 0.259011, 133.975, 0.236746, 13.9128, 0.23653, -106.229, 0.022882, -45.1238
11, 420.00000, 229.368, -27.8182, 228.087, -147.882, 228.318, 91.9687, 0.0209317, 11.4676, 0.258991, 133.984, 0.236732, 13.9211, 0.236516, -106.221, 0.0228782, -45.1059
11, 480.00000, 229.376, -27.8141, 228.093, -147.878, 228.324, 91.9721, 0.0209545, 11.4787, 0.258982, 133.988, 0.236725, 13.9248, 0.23651, -106.218, 0.0228767, -45.0965
11, 540.00000, 229.416, -27.7943, 228.123, -147.86, 228.354, 91.9887, 0.0210657, 11.5328, 0.258937, 134.007, 0.236694, 13.943, 0.236479, -106.201, 0.0228691, -45.0497
11, 600.00000, 229.416, -27.7944, 228.122, -147.86, 228.353, 91.9885, 0.021065, 11.5327, 0.258937, 134.007, 0.236694, 13.9429, 0.236479, -106.201, 0.022869, -45.0511
11, 660.00000, 229.496, -27.7869, 228.189, -147.849, 228.366, 91.9926, 0.0208529, 13.7761, 0.235314, 134.015, 0.165638, 13.9547, 0.189174, -106.197, 0.0619665, -26.3537
11, 720.00000, 229.501, -27.7845, 228.193, -147.847, 228.369, 91.9945, 0.0208662, 13.7811, 0.235309, 134.017, 0.165635, 13.9568, 0.18917, -106.195, 0.0619656, -26.3504
11, 780.00000, 229.504, -27.7832, 228.195, -147.845, 228.371, 91.9956, 0.0208737, 13.784, 0.235306, 134.019, 0.165633, 13.9581, 0.189169, -106.194, 0.061965, -26.3486
11, 840.00000, 229.502, -27.784, 228.193, -147.846, 228.37, 91.995, 0.020869, 13.7823, 0.235308, 134.018, 0.165635, 13.9575, 0.189171, -106.195, 0.0619652, -26.3499
11, 900.00000, 229.517, -27.7763, 228.205, -147.839, 228.381, 92.0014, 0.020912, 13.7988, 0.235292, 134.025, 0.165627, 13.9647, 0.189161, -106.188, 0.0619615, -26.3394
11, 960.00000, 229.43, -27.7676, 228.103, -147.856, 228.423, 92.002, 0.017817, 13.1263, 0.188304, 134.035, 0.189374, 13.948, 0.212766, -106.189, 0.0241745, 74.6067
11, 1020.00000, 229.448, -27.7585, 228.116, -147.847, 228.437, 92.0095, 0.0178681, 13.1496, 0.188289, 134.044, 0.189364, 13.9565, 0.212754, -106.181, 0.0241768, 74.6137
11, 1080.00000, 229.489, -27.7376, 228.147, -147.828, 228.468, 92.027, 0.017985, 13.2021, 0.188255, 134.065, 0.189338, 13.9757, 0.212726, -106.163, 0.0241825, 74.6279
11, 1140.00000, 229.516, -27.7239, 228.167, -147.815, 228.488, 92.0386, 0.018062, 13.237, 0.188233, 134.078, 0.189321, 13.9884, 0.212706, -106.152, 0.0241858, 74.6369
11, 1200.00000, 229.496, -27.7342, 228.152, -147.825, 228.473, 92.0298, 0.0180042, 13.2104, 0.18825, 134.068, 0.189333, 13.9787, 0.21272, -106.161, 0.0241836, 74.6287
11, 1260.00000, 229.535, -27.7421, 228.18, -147.81, 228.387, 92.0291, 0.0212136, 1.98204, 0.258805, 134.06, 0.2603, 13.9929, 0.236441, -106.16, 0.0228528, -107.284
11, 1320.00000, 229.52, -27.7498, 228.169, -147.817, 228.375, 92.0226, 0.0211721, 1.94048, 0.258822, 134.053, 0.260313, 13.9856, 0.236453, -106.167, 0.0228585, -107.292
11, 1380.00000, 229.523, -27.7482, 228.171, -147.815, 228.377, 92.0239, 0.0211809, 1.94936, 0.258818, 134.054, 0.26031, 13.9871, 0.23645, -106.166, 0.0228574, -107.291
11, 1440.00000, 229.528, -27.7455, 228.175, -147.813, 228.382, 92.0262, 0.0211956, 1.96391, 0.258812, 134.057, 0.260305, 13.9897, 0.236446, -106.163, 0.0228556, -107.287
11, 1500.00000, 229.516, -27.7515, 228.166, -147.818, 228.372, 92.0212, 0.021163, 1.93142, 0.258826, 134.051, 0.260316, 13.984, 0.236455, -106.168, 0.0228597, -107.294
11, 1560.00000, 229.621, -27.7265, 228.118, -147.808, 228.428, 92.0245, 0.016683, 15.4939, 0.211664, 134.076, 0.284044, 13.9956, 0.260043, -106.166, 0.0630408, 152.61
11, 1620.00000, 229.617, -27.7283, 228.115, -147.81, 228.425, 92.0231, 0.0166728, 15.4907, 0.211668, 134.074, 0.284048, 13.9938, 0.260047, -106.168, 0.0630419, 152.609
11, 1680.00000, 229.611, -27.7316, 228.11, -147.813, 228.42, 92.0203, 0.0166541, 15.4847, 0.211674, 134.071, 0.284054, 13.9908, 0.260053, -106.171, 0.0630438, 152.607
11, 1740.00000, 229.605, -27.7345, 228.106, -147.816, 228.416, 92.0179, 0.016638, 15.4792, 0.211679, 134.068, 0.28406, 13.9881, 0.260057, -106.173, 0.0630453, 152.606
11, 1800.00000, 229.593, -27.7406, 228.097, -147.821, 228.407, 92.0128, 0.0166038, 15.4672, 0.21169, 134.062, 0.28407, 13.9825, 0.260067, -106.178, 0.0630478, 152.604
11, 1860.00000, 229.489, -27.763, 228.256, -147.816, 228.359, 92.0239, 0.0183938, -1.74383, 0.235322, 134.04, 0.23656, 13.9861, 0.189176, -106.166, 0.0465758, -106.577
11, 1920.00000, 229.491, -27.762, 228.258, -147.816, 228.36, 92.0247, 0.018399, -1.73671, 0.23532, 134.041, 0.236559, 13.987, 0.189174, -106.166, 0.0465759, -106.577
11, 1980.00000, 229.5, -27.7578, 228.264, -147.812, 228.366, 92.0282, 0.018421, -1.70726, 0.235311, 134.045, 0.236553, 13.9909, 0.189169, -106.162, 0.0465726, -106.573
11, 2040.00000, 229.493, -27.7615, 228.258, -147.815, 228.361, 92.0251, 0.0184017, -1.73316, 0.235319, 134.042, 0.236558, 13.9875, 0.189173, -106.165, 0.0465755, -106.576
11, 2100.00000, 229.475, -27.7705, 228.245, -147.823, 228.348, 92.0176, 0.0183545, -1.79684, 0.235337, 134.033, 0.236572, 13.9792, 0.189184, -106.173, 0.0465828, -106.584
11, 2160.00000, 229.48, -27.7703, 228.198, -147.835, 228.377, 92.0123, 0.0203899, -1.53343, 0.258866, 134.033, 0.23662, 13.967, 0.14187, -106.177, 0.107452, -95.43
11, 2220.00000, 229.492, -27.7645, 228.206, -147.83, 228.386, 92.0171, 0.0204206, -1.49608, 0.258853, 134.038, 0.236611, 13.9724, 0.141864, -106.173, 0.107444, -95.4245
11, 2280.00000, 229.491, -27.7648, 228.206, -147.83, 228.386, 92.0169, 0.020419, -1.4981, 0.258854, 134.038, 0.236611, 13.9721, 0.141865, -106.173, 0.107445, -95.4246
11, 2340.00000, 229.523, -27.749, 228.229, -147.816, 228.409, 92.0301, 0.0205018, -1.39777, 0.258819, 134.054, 0.236587, 13.9867, 0.14185, -106.159, 0.107425, -95.4104
11, 2400.00000, 229.571, -27.7243, 228.266, -147.793, 228.446, 92.0509, 0.0206313, -1.24273, 0.258764, 134.078, 0.236549, 14.0096, 0.141828, -106.139, 0.107394, -95.3874
11, 2460.00000, 229.679, -27.69, 228.26, -147.755, 228.446, 92.0707, 0.0205319, 8.2407, 0.188103, 134.112, 0.236553, 14.0484, 0.212743, -106.119, 0.0412373, 163.221
11, 2520.00000, 229.685, -27.6867, 228.264, -147.752, 228.451, 92.0735, 0.0205495, 8.25277, 0.188097, 134.115, 0.236548, 14.0515, 0.212738, -106.116, 0.0412364, 163.222
11, 2580.00000, 229.67, -27.6944, 228.253, -147.759, 228.44, 92.067, 0.0205082, 8.22439, 0.188109, 134.108, 0.23656, 14.0443, 0.212749, -106.123, 0.0412392, 163.219
11, 2640.00000, 229.675, -27.6917, 228.257, -147.756, 228.444, 92.0692, 0.0205224, 8.23419, 0.188105, 134.11, 0.236556, 14.0468, 0.212745, -106.121, 0.0412382, 163.22
11, 2700.00000, 229.659, -27.6999, 228.245, -147.764, 228.432, 92.0623, 0.0204785, 8.20403, 0.188118, 134.102, 0.236568, 14.0392, 0.212757, -106.127, 0.041241, 163.217
11, 2760.00000, 229.547, -27.6907, 228.212, -147.791, 228.571, 92.0646, 0.0196634, 3.31985, 0.235263, 134.112, 0.283925, 14.0114, 0.259876, -106.125, 0.0413213, 163.125
11, 2820.00000, 229.508, -27.7104, 228.183, -147.809, 228.542, 92.0484, 0.0195593, 3.21699, 0.235303, 134.092, 0.283961, 13.9933, 0.259909, -106.142, 0.0413296, 163.122
11, 2880.00000, 229.536, -27.6962, 228.204, -147.796, 228.563, 92.0601, 0.0196342, 3.29111, 0.235274, 134.106, 0.283936, 14.0063, 0.259886, -106.13, 0.0413239, 163.124
11, 2940.00000, 229.551, -27.6883, 228.215, -147.789, 228.574, 92.0666, 0.0196755, 3.33173, 0.235259, 134.114, 0.283921, 14.0135, 0.259873, -106.123, 0.0413204, 163.126
11, 3000.00000, 229.551, -27.6884, 228.215, -147.789, 228.574, 92.0665, 0.0196754, 3.33159, 0.235259, 134.114, 0.283921, 14.0135, 0.259872, -106.123, 0.0413202, 163.126
11, 3060.00000, 229.521, -27.7127, 228.238, -147.795, 228.484, 92.0626, 0.020829, 1.99617, 0.25882, 134.09, 0.236576, 14.0076, 0.212707, -106.127, 0.0400001, -76.076
11, 3120.00000, 229.569, -27.6882, 228.274, -147.772, 228.521, 92.0838, 0.0209589, 2.12622, 0.258767, 134.114, 0.236539, 14.0305, 0.212672, -106.106, 0.039983, -76.0462
11, 3180.00000, 229.537, -27.7044, 228.251, -147.787, 228.496, 92.0697, 0.020873, 2.04055, 0.258802, 134.098, 0.236564, 14.0153, 0.212695, -106.12, 0.0399946, -76.0661
11, 3240.00000, 229.59, -27.6771, 228.29, -147.762, 228.538, 92.0936, 0.0210178, 2.18459, 0.258743, 134.125, 0.236522, 14.0409, 0.212657, -106.096, 0.0399751, -76.0334
11, 3300.00000, 229.597, -27.6736, 228.295, -147.758, 228.543, 92.0966, 0.0210364, 2.20285, 0.258734, 134.129, 0.236516, 14.0442, 0.212651, -106.093, 0.0399726, -76.0296
11, 3360.00000, 229.645, -27.6802, 228.304, -147.75, 228.449, 92.0748, 0.0211389, 6.03709, 0.235163, 134.122, 0.212857, 14.0532, 0.165464, -106.115, 0.0616193, -87.0616
11, 3420.00000, 229.641, -27.6826, 228.3, -147.752, 228.446, 92.0729, 0.0211262, 6.0266, 0.235168, 134.12, 0.21286, 14.0509, 0.165467, -106.117, 0.0616203, -87.0645
11, 3480.00000, 229.653, -27.6761, 228.31, -147.746, 228.455, 92.0782, 0.0211606, 6.05444, 0.235155, 134.126, 0.212851, 14.0571, 0.16546, -106.111, 0.0616154, -87.057
11, 3540.00000, 229.69, -27.6571, 228.338, -147.728, 228.483, 92.094, 0.0212613, 6.13535, 0.235118, 134.145, 0.212824, 14.0752, 0.165441, -106.095, 0.0616007, -87.0357
12, 0.00000, 229.694, -27.6549, 228.341, -147.725, 228.486, 92.0957, 0.0212729, 6.14463, 0.235113, 134.147, 0.212821, 14.0773, 0.165437, -106.094, 0.0615994, -87.033
12, 60.00000, 229.614, -27.6888, 228.185, -147.775, 228.436, 92.0533, 0.0191904, 1.29859, 0.258714, 134.114, 0.260297, 14.0271, 0.189112, -106.137, 0.0700569, -106.491
12, 120.00000, 229.628, -27.6814, 228.196, -147.769, 228.447, 92.0595, 0.019229, 1.34212, 0.258698, 134.121, 0.260284, 14.0341, 0.189103, -106.131, 0.0700499, -106.484
12, 180.00000, 229.633, -27.6792, 228.199, -147.766, 228.45, 92.0613, 0.0192408, 1.35541, 0.258693, 134.124, 0.26028, 14.0362, 0.1891, -106.129, 0.0700481, -106.481
12, 240.00000, 229.646, -27.6724, 228.209, -147.76, 228.46, 92.067, 0.0192758, 1.39478, 0.258678, 134.13, 0.260269, 14.0425, 0.189092, -106.123, 0.0700415, -106.475
12, 300.00000, 229.622, -27.6846, 228.191, -147.772, 228.442, 92.0568, 0.0192126, 1.32355, 0.258705, 134.118, 0.260289, 14.0311, 0.189106, -106.133, 0.0700531, -106.486
12, 360.00000, 229.602, -27.7009, 228.281, -147.755, 228.407, 92.0719, 0.0224458, 0.121026, 0.282252, 134.102, 0.236531, 14.0476, 0.189135, -106.117, 0.0807824, -76.0489
12, 420.00000, 229.597, -27.7035, 228.277, -147.757, 228.404, 92.0698, 0.0224325, 0.106793, 0.282258, 134.099, 0.236535, 14.0452, 0.189139, -106.119, 0.080784, -76.0519
12, 480.00000, 229.599, -27.7024, 228.279, -147.756, 228.405, 92.0708, 0.0224385, 0.113317, 0.282255, 134.1, 0.236533, 14.0463, 0.189137, -106.118, 0.0807832, -76.0506
12, 540.00000, 229.62, -27.6915, 228.295, -147.745, 228.421, 92.0799, 0.0224941, 0.172856, 0.28223, 134.111, 0.236517, 14.0566, 0.189124, -106.109, 0.0807728, -76.0386
12, 600.00000, 229.625, -27.6889, 228.299, -147.743, 228.425, 92.0821, 0.0225076, 0.18725, 0.282223, 134.114, 0.236512, 14.0591, 0.18912, -106.107, 0.0807703, -76.0356
12, 660.00000, 229.561, -27.6721, 228.226, -147.773, 228.587, 92.0768, 0.0194814, 10.0869, 0.188198, 134.13, 0.21293, 14.0302, 0.212613, -106.113, 0.0241144, 133.271
12, 720.00000, 229.568, -27.6687, 228.231, -147.77, 228.592, 92.0796, 0.0195, 10.0987, 0.188192, 134.133, 0.212925, 14.0335, 0.212608, -106.11, 0.0241138, 133.272
12, 780.00000, 229.578, -27.6635, 228.239, -147.765, 228.599, 92.0839, 0.0195279, 10.1164, 0.188184, 134.139, 0.212917, 14.0384, 0.2126, -106.106, 0.024113, 133.273
12, 840.00000, 229.537, -27.6846, 228.208, -147.785, 228.568, 92.0663, 0.0194141, 10.0437, 0.188218, 134.118, 0.212947, 14.0183, 0.212629, -106.124, 0.0241163, 133.272
12, 900.00000, 229.551, -27.6771, 228.219, -147.778, 228.579, 92.0727, 0.0194544, 10.0695, 0.188206, 134.125, 0.212937, 14.0254, 0.212621, -106.117, 0.0241155, 133.271
12, 960.00000, 229.517, -27.6931, 228.215, -147.786, 228.491, 92.0666, 0.0194167, 19.6087, 0.164703, 134.108, 0.21294, 14.0177, 0.259972, -106.124, 0.082315, 103.893
12, 1020.00000, 229.533, -27.6846, 228.227, -147.778, 228.504, 92.0738, 0.0194633, 19.6139, 0.164691, 134.117, 0.212928, 14.0258, 0.259959, -106.116, 0.0823121, 103.899
12, 1080.00000, 229.519, -27.6918, 228.217, -147.785, 228.493, 92.0677, 0.0194236, 19.6094, 0.164701, 134.11, 0.212938, 14.0189, 0.25997, -106.123, 0.0823148, 103.894
12, 1140.00000, 229.512, -27.6958, 228.211, -147.789, 228.487, 92.0644, 0.0194015, 19.607, 0.164707, 134.106, 0.212944, 14.0152, 0.259978, -106.126, 0.0823168, 103.891
12, 1200.00000, 229.512, -27.6958, 228.211, -147.789, 228.487, 92.0643, 0.0194016, 19.6069, 0.164707, 134.106, 0.212943, 14.0151, 0.259977, -106.126, 0.0823164, 103.891
12, 1260.00000, 229.397, -27.7163, 228.287, -147.799, 228.569, 92.0865, 0.0206557, 8.44239, 0.282501, 134.086, 0.236524, 14.0042, 0.236255, -106.103, 0.0464963, -45.5158
12, 1320.00000, 229.38, -27.725, 228.274, -147.807, 228.556, 92.0788, 0.0206077, 8.40966, 0.282521, 134.077, 0.236538, 13.996, 0.236268, -106.111, 0.0465012, -45.5274
12, 1380.00000, 229.361, -27.7346, 228.26, -147.816, 228.541, 92.0703, 0.0205541, 8.37328, 0.282544, 134.068, 0.236553, 13.9868, 0.236283, -106.119, 0.0465071, -45.5404
12, 1440.00000, 229.359, -27.7358, 228.258, -147.817, 228.539, 92.0692, 0.020547, 8.36853, 0.282548, 134.066, 0.236555, 13.9856, 0.236286, -106.121, 0.0465079, -45.5423
12, 1500.00000, 229.346, -27.7423, 228.248, -147.823, 228.529, 92.0635, 0.0205111, 8.34439, 0.282564, 134.06, 0.236566, 13.9795, 0.236297, -106.126, 0.0465119, -45.5517
12, 1560.00000, 229.5, -27.7202, 228.201, -147.803, 228.395, 92.0447, 0.0177004, 11.9059, 0.235308, 134.082, 0.212955, 14.0001, 0.26008, -106.146, 0.0414832, 44.8786
12, 1620.00000, 229.482, -27.7292, 228.188, -147.812, 228.381, 92.0373, 0.0176511, 11.8794, 0.235326, 134.073, 0.212967, 13.9917, 0.260094, -106.153, 0.0414811, 44.8681
12, 1680.00000, 229.454, -27.7437, 228.166, -147.825, 228.36, 92.0253, 0.0175708, 11.8362, 0.235355, 134.059, 0.212987, 13.9783, 0.260118, -106.165, 0.0414773, 44.8526
12, 1740.00000, 229.444, -27.7484, 228.159, -147.83, 228.353, 92.0214, 0.0175444, 11.8221, 0.235365, 134.054, 0.212993, 13.9739, 0.260127, -106.169, 0.041476, 44.8477
12, 1800.00000, 229.449, -27.7462, 228.163, -147.828, 228.356, 92.0232, 0.0175566, 11.8286, 0.23536, 134.056, 0.21299, 13.976, 0.260122, -106.167, 0.0414764, 44.8501
12, 1860.00000, 229.546, -27.7176, 228.138, -147.811, 228.477, 92.0346, 0.0202547, 3.03029, 0.282319, 134.085, 0.23668, 13.9917, 0.212713, -106.155, 0.0614488, -65.027
12, 1920.00000, 229.569, -27.7055, 228.156, -147.8, 228.495, 92.0447, 0.0203188, 3.09262, 0.282289, 134.097, 0.236663, 14.003, 0.212697, -106.145, 0.0614377, -65.0118
12, 1980.00000, 229.598, -27.6908, 228.177, -147.786, 228.516, 92.0571, 0.0203961, 3.16778, 0.282254, 134.112, 0.23664, 14.0167, 0.212677, -106.133, 0.061426, -64.9925
12, 2040.00000, 229.594, -27.6928, 228.174, -147.788, 228.513, 92.0553, 0.0203852, 3.1571, 0.282259, 134.11, 0.236643, 14.0148, 0.21268, -106.134, 0.0614275, -64.995
12, 2100.00000, 229.599, -27.6903, 228.178, -147.786, 228.517, 92.0574, 0.0203984, 3.16992, 0.282253, 134.112, 0.236639, 14.0171, 0.212676, -106.132, 0.0614259, -64.9919
12, 2160.00000, 229.539, -27.703, 228.236, -147.783, 228.468, 92.0681, 0.0187401, 5.82668, 0.188216, 134.1, 0.260238, 14.0204, 0.283629, -106.122, 0.0856867, 119.924
12, 2220.00000, 229.561, -27.6914, 228.253, -147.772, 228.485, 92.078, 0.0188021, 5.88156, 0.188198, 134.111, 0.260219, 14.0313, 0.283609, -106.112, 0.0856815, 119.932
12, 2280.00000, 229.543, -27.7005, 228.239, -147.78, 228.472, 92.0702, 0.0187531, 5.83811, 0.188212, 134.102, 0.260234, 14.0228, 0.283625, -106.12, 0.0856856, 119.926
12, 2340.00000, 229.527, -27.7091, 228.226, -147.788, 228.459, 92.063, 0.0187072, 5.79735, 0.188226, 134.093, 0.260248, 14.0147, 0.283641, -106.127, 0.0856896, 119.92
12, 2400.00000, 229.515, -27.7152, 228.218, -147.794, 228.45, 92.0579, 0.0186749, 5.76849, 0.188236, 134.087, 0.260259, 14.009, 0.283652, -106.132, 0.0856926, 119.916
12, 2460.00000, 229.517, -27.7153, 228.198, -147.794, 228.466, 92.0589, 0.0218845, 7.3196, 0.211766, 134.087, 0.236616, 14.0087, 0.165453, -106.131, 0.0621365, -125.72
12, 2520.00000, 229.569, -27.6884, 228.238, -147.768, 228.506, 92.0821, 0.0220297, 7.42357, 0.211718, 134.113, 0.236575, 14.0344, 0.165424, -106.107, 0.0621171, -125.697
12, 2580.00000, 229.615, -27.6645, 228.273, -147.746, 228.542, 92.1029, 0.0221586, 7.51374, 0.211676, 134.137, 0.236538, 14.0572, 0.165398, -106.086, 0.0620999, -125.678
12, 2640.00000, 229.598, -27.6733, 228.26, -147.754, 228.529, 92.0951, 0.0221109, 7.48041, 0.211691, 134.129, 0.236552, 14.0488, 0.165407, -106.094, 0.0621061, -125.685
12, 2700.00000, 229.597, -27.6736, 228.259, -147.754, 228.528, 92.0949, 0.0221094, 7.47936, 0.211692, 134.128, 0.236552, 14.0485, 0.165408, -106.094, 0.0621063, -125.685
12, 2760.00000, 229.627, -27.6932, 228.309, -147.751, 228.443, 92.0798, 0.0201342, 7.29185, 0.235181, 134.109, 0.260153, 14.052, 0.236385, -106.11, 0.023603, -167.949
12, 2820.00000, 229.604, -27.7053, 228.291, -147.762, 228.425, 92.0696, 0.0200699, 7.24279, 0.235204, 134.097, 0.260173, 14.0407, 0.236402, -106.12, 0.0236091, -167.951
12, 2880.00000, 229.516, -27.75, 228.225, -147.805, 228.359, 92.0319, 0.0198275, 7.0559, 0.235294, 134.052, 0.26025, 13.9982, 0.236472, -106.158, 0.0236305, -167.961
12, 2940.00000, 229.499, -27.7586, 228.212, -147.813, 228.346, 92.0247, 0.0197807, 7.01913, 0.235311, 134.044, 0.260264, 13.99, 0.236484, -106.165, 0.023634, -167.962
12, 3000.00000, 229.511, -27.7525, 228.221, -147.807, 228.355, 92.0298, 0.0198138, 7.04524, 0.235299, 134.05, 0.260254, 13.9958, 0.236475, -106.16, 0.0236314, -167.961
12, 3060.00000, 229.33, -27.7875, 228.11, -147.859, 228.384, 91.9977, 0.0186654, 4.97811, 0.259033, 134.015, 0.236711, 13.9439, 0.260089, -106.192, 0.0236766, 15.7956
12, 3120.00000, 229.355, -27.775, 228.128, -147.847, 228.403, 92.0082, 0.0187341, 5.04098, 0.259005, 134.028, 0.236691, 13.9556, 0.260068, -106.182, 0.0236797, 15.8211
12, 3180.00000, 229.414, -27.7454, 228.173, -147.82, 228.447, 92.0328, 0.0188951, 5.1882, 0.258938, 134.057, 0.236645, 13.9832, 0.260018, -106.157, 0.0236868, 15.8759
12, 3240.00000, 229.485, -27.7093, 228.227, -147.785, 228.501, 92.0633, 0.019091, 5.3674, 0.258858, 134.093, 0.236589, 14.0176, 0.259957, -106.127, 0.0236944, 15.9374
12, 3300.00000, 229.544, -27.6789, 228.272, -147.756, 228.545, 92.0893, 0.0192538, 5.5138, 0.258792, 134.123, 0.236543, 14.0466, 0.259907, -106.101, 0.0237004, 15.9907
12, 3360.00000, 229.693, -27.6805, 228.143, -147.763, 228.35, 92.0494, 0.020636, 12.6397, 0.235112, 134.121, 0.260343, 14.0405, 0.283779, -106.14, 0.0418646, 103.815
12, 3420.00000, 229.688, -27.6831, 228.139, -147.765, 228.346, 92.0473, 0.0206216, 12.6334, 0.235118, 134.119, 0.260346, 14.0381, 0.283785, -106.143, 0.0418642, 103.811
12, 3480.00000, 229.674, -27.6902, 228.129, -147.772, 228.335, 92.0414, 0.0205832, 12.6162, 0.235132, 134.112, 0.260357, 14.0316, 0.283797, -106.148, 0.041863, 103.808
12, 3540.00000, 229.691, -27.6815, 228.141, -147.764, 228.348, 92.0487, 0.0206309, 12.6374, 0.235115, 134.12, 0.260343, 14.0396, 0.283782, -106.141, 0.0418644, 103.812
13, 0.00000, 229.642, -27.7065, 228.105, -147.787, 228.312, 92.028, 0.0204952, 12.5771, 0.235164, 134.095, 0.260385, 14.0168, 0.283827, -106.162, 0.0418612, 103.804
13, 60.00000, 229.505, -27.7132, 228.163, -147.795, 228.405, 92.0438, 0.0206543, -2.46892, 0.188246, 134.09, 0.236655, 14.0074, 0.212779, -106.146, 0.0412223, 163.227
13, 120.00000, 229.507, -27.7124, 228.164, -147.794, 228.406, 92.0444, 0.0206584, -2.46366, 0.188245, 134.091, 0.236654, 14.0081, 0.212777, -106.145, 0.0412223, 163.227
13, 180.00000, 229.484, -27.7243, 228.147, -147.805, 228.389, 92.0346, 0.020598, -2.54166, 0.188264, 134.079, 0.236673, 13.997, 0.212794, -106.155, 0.041228, 163.223
13, 240.00000, 229.5, -27.716, 228.159, -147.797, 228.401, 92.0415, 0.0206404, -2.48674, 0.188251, 134.087, 0.23666, 14.0048, 0.212783, -106.148, 0.0412242, 163.226
13, 300.00000, 229.512, -27.7097, 228.168, -147.792, 228.41, 92.0466, 0.0206718, -2.44632, 0.188241, 134.093, 0.23665, 14.0106, 0.212774, -106.143, 0.0412212, 163.228
13, 360.00000, 229.517, -27.7027, 228.219, -147.781, 228.488, 92.0726, 0.0189019, 6.31849, 0.188234, 134.1, 0.189277, 14.0218, 0.236338, -106.118, 0.0478035, 74.2624
13, 420.00000, 229.477, -27.7233, 228.188, -147.801, 228.457, 92.0551, 0.0187901, 6.22193, 0.188267, 134.079, 0.189303, 14.0021, 0.236368, -106.135, 0.0478028, 74.2482
13, 480.00000, 229.463, -27.7302, 228.178, -147.807, 228.447, 92.0493, 0.0187523, 6.18949, 0.188278, 134.072, 0.189312, 13.9957, 0.23638, -106.141, 0.0478028, 74.243
13, 540.00000, 229.481, -27.721, 228.191, -147.799, 228.461, 92.0571, 0.0188022, 6.23236, 0.188264, 134.081, 0.189301, 14.0043, 0.236366, -106.133, 0.0478034, 74.2496
13, 600.00000, 229.469, -27.7271, 228.182, -147.805, 228.452, 92.0519, 0.018769, 6.2037, 0.188273, 134.075, 0.189308, 13.9985, 0.236375, -106.138, 0.0478029, 74.2453
13, 660.00000, 229.409, -27.7536, 228.175, -147.814, 228.364, 92.0311, 0.0253141, 1.14818, 0.306034, 134.048, 0.236638, 13.9881, 0.236464, -106.157, 0.0700048, -45.627
13, 720.00000, 229.389, -27.7634, 228.16, -147.823, 228.35, 92.0229, 0.0252625, 1.10075, 0.30606, 134.039, 0.236653, 13.9789, 0.236478, -106.166, 0.0700119, -45.6404
13, 780.00000, 229.396, -27.7599, 228.165, -147.82, 228.355, 92.0259, 0.0252812, 1.11791, 0.30605, 134.042, 0.236648, 13.9823, 0.236472, -106.163, 0.0700093, -45.6355
13, 840.00000, 229.428, -27.7438, 228.189, -147.804, 228.379, 92.0395, 0.0253664, 1.19588, 0.306008, 134.058, 0.236623, 13.9974, 0.236449, -106.149, 0.069997, -45.6132
13, 900.00000, 229.415, -27.7502, 228.18, -147.81, 228.369, 92.034, 0.0253324, 1.16496, 0.306025, 134.052, 0.236633, 13.9914, 0.236458, -106.154, 0.0700022, -45.622
13, 960.00000, 229.483, -27.7317, 228.117, -147.812, 228.415, 92.036, 0.0184812, 21.8311, 0.188259, 134.07, 0.284042, 13.9919, 0.236419, -106.155, 0.0822196, 163.651
13, 1020.00000, 229.447, -27.7498, 228.09, -147.829, 228.388, 92.0209, 0.0183804, 21.8346, 0.188288, 134.052, 0.284076, 13.9751, 0.236447, -106.17, 0.0822325, 163.639
13, 1080.00000, 229.502, -27.7223, 228.131, -147.804, 228.429, 92.0439, 0.0185338, 21.8295, 0.188244, 134.079, 0.284025, 14.0006, 0.236405, -106.147, 0.0822138, 163.656
13, 1140.00000, 229.504, -27.7212, 228.133, -147.803, 228.43, 92.0448, 0.0185401, 21.8293, 0.188242, 134.08, 0.284022, 14.0017, 0.236402, -106.146, 0.0822124, 163.658
13, 1200.00000, 229.482, -27.7322, 228.116, -147.813, 228.414, 92.0355, 0.0184786, 21.8312, 0.18826, 134.069, 0.284043, 13.9915, 0.236419, -106.155, 0.0822196, 163.651
13, 1260.00000, 229.427, -27.7349, 228.127, -147.818, 228.381, 92.0293, 0.0203933, 14.3386, 0.211846, 134.067, 0.23669, 13.9855, 0.283742, -106.161, 0.0631992, 93.0493
13, 1320.00000, 229.438, -27.7294, 228.135, -147.813, 228.39, 92.0339, 0.0204238, 14.3497, 0.211836, 134.072, 0.236681, 13.9905, 0.283731, -106.156, 0.0631988, 93.0521
13, 1380.00000, 229.423, -27.7369, 228.124, -147.82, 228.378, 92.0277, 0.0203822, 14.3342, 0.21185, 134.065, 0.236692, 13.9836, 0.283745, -106.162, 0.063199, 93.0476
13, 1440.00000, 229.4, -27.7482, 228.108, -147.831, 228.362, 92.0183, 0.0203191, 14.3108, 0.211871, 134.054, 0.23671, 13.9731, 0.283765, -106.172, 0.0631995, 93.0409
13, 1500.00000, 229.418, -27.7393, 228.121, -147.822, 228.375, 92.0256, 0.0203685, 14.3295, 0.211854, 134.062, 0.236697, 13.9814, 0.28375, -106.164, 0.0631993, 93.0463
13, 1560.00000, 229.378, -27.7581, 228.175, -147.824, 228.384, 92.0337, 0.0195579, -0.426718, 0.282525, 134.045, 0.236644, 13.9784, 0.236443, -106.156, 0.0464652, -45.4909
13, 1620.00000, 229.371, -27.7615, 228.17, -147.827, 228.379, 92.0309, 0.0195402, -0.447893, 0.282534, 134.041, 0.236649, 13.9753, 0.236449, -106.159, 0.0464671, -45.4957
13, 1680.00000, 229.407, -27.7433, 228.197, -147.81, 228.406, 92.0465, 0.0196369, -0.332576, 0.282489, 134.059, 0.236621, 13.9922, 0.236421, -106.143, 0.0464553, -45.4684
13, 1740.00000, 229.409, -27.7422, 228.198, -147.809, 228.408, 92.0474, 0.0196429, -0.325512, 0.282486, 134.061, 0.236619, 13.9933, 0.236418, -106.143, 0.046455, -45.4665
13, 1800.00000, 229.397, -27.7483, 228.189, -147.815, 228.399, 92.0422, 0.0196103, -0.363917, 0.282502, 134.054, 0.23663, 13.9876, 0.236429, -106.148, 0.0464588, -45.476
13, 1860.00000, 229.41, -27.7579, 228.091, -147.829, 228.366, 92.0219, 0.0174612, 8.28156, 0.282481, 134.045, 0.260404, 13.9742, 0.260111, -106.169, 0.0227897, -44.9756
13, 1920.00000, 229.41, -27.7577, 228.092, -147.829, 228.367, 92.022, 0.0174624, 8.28261, 0.282481, 134.045, 0.260403, 13.9744, 0.26011, -106.168, 0.0227899, -44.9768
13, 1980.00000, 229.406, -27.7595, 228.089, -147.831, 228.364, 92.0205, 0.0174521, 8.27464, 0.282486, 134.043, 0.260407, 13.9726, 0.260114, -106.17, 0.0227905, -44.9807
13, 2040.00000, 229.39, -27.768, 228.076, -147.839, 228.351, 92.0133, 0.0174052, 8.23765, 0.282506, 134.035, 0.260421, 13.9646, 0.260127, -106.177, 0.0227932, -44.9996
13, 2100.00000, 229.366, -27.7799, 228.058, -147.85, 228.334, 92.0034, 0.0173396, 8.18699, 0.282535, 134.023, 0.260442, 13.9535, 0.260148, -106.187, 0.0227969, -45.0279
13, 2160.00000, 229.406, -27.7725, 227.908, -147.864, 228.286, 91.9747, 0.0164218, 2.44445, 0.164784, 134.031, 0.236923, 13.939, 0.189237, -106.216, 0.0628708, 174.376
13, 2220.00000, 229.406, -27.772, 227.908, -147.864, 228.286, 91.9751, 0.0164241, 2.44739, 0.164783, 134.031, 0.236922, 13.9394, 0.189236, -106.216, 0.0628709, 174.376
13, 2280.00000, 229.399, -27.7756, 227.903, -147.867, 228.281, 91.9722, 0.016405, 2.42475, 0.164788, 134.027, 0.236928, 13.9361, 0.189241, -106.219, 0.0628728, 174.374
13, 2340.00000, 229.426, -27.7621, 227.923, -147.855, 228.301, 91.9834, 0.0164778, 2.51015, 0.164769, 134.041, 0.236907, 13.9485, 0.189224, -106.207, 0.062865, 174.382
13, 2400.00000, 229.452, -27.7489, 227.943, -147.842, 228.321, 91.9943, 0.0165492, 2.59347, 0.16475, 134.054, 0.236887, 13.9607, 0.189208, -106.196, 0.0628573, 174.39
13, 2460.00000, 229.403, -27.7566, 228.098, -147.834, 228.417, 92.0222, 0.0216559, -3.56931, 0.235414, 134.046, 0.260393, 13.9676, 0.236407, -106.167, 0.0237331, -167.825
13, 2520.00000, 229.413, -27.7516, 228.106, -147.83, 228.425, 92.0265, 0.0216815, -3.53569, 0.235404, 134.051, 0.260385, 13.9724, 0.2364, -106.163, 0.0237311, -167.826
13, 2580.00000, 229.395, -27.7607, 228.092, -147.838, 228.411, 92.0188, 0.0216349, -3.59676, 0.235422, 134.042, 0.2604, 13.9638, 0.236413, -106.171, 0.0237351, -167.827
13, 2640.00000, 229.388, -27.7642, 228.087, -147.841, 228.406, 92.0159, 0.0216166, -3.62038, 0.23543, 134.039, 0.260407, 13.9604, 0.23642, -106.174, 0.0237368, -167.828
13, 2700.00000, 229.355, -27.7805, 228.063, -147.857, 228.382, 92.0022, 0.0215328, -3.72934, 0.235463, 134.022, 0.260435, 13.9453, 0.236444, -106.187, 0.0237449, -167.827
13, 2760.00000, 229.285, -27.8029, 228.085, -147.877, 228.339, 91.9851, 0.0217415, -4.00925, 0.353303, 134, 0.213062, 13.9248, 0.260136, -106.204, 0.12435, -26.5675
13, 2820.00000, 229.315, -27.7877, 228.107, -147.863, 228.362, 91.9977, 0.0218199, -3.90768, 0.353256, 134.015, 0.213041, 13.9388, 0.260111, -106.192, 0.124335, -26.5479
13, 2880.00000, 229.314, -27.7882, 228.107, -147.864, 228.361, 91.9973, 0.0218172, -3.91094, 0.353258, 134.015, 0.213042, 13.9384, 0.260112, -106.192, 0.124335, -26.5487
13, 2940.00000, 229.263, -27.8138, 228.069, -147.887, 228.323, 91.976, 0.021685, -4.08206, 0.353336, 133.989, 0.213078, 13.9149, 0.260155, -106.213, 0.12436, -26.582
13, 3000.00000, 229.267, -27.8119, 228.071, -147.885, 228.326, 91.9775, 0.0216947, -4.06988, 0.35333, 133.991, 0.213075, 13.9164, 0.260151, -106.212, 0.124358, -26.5793
13, 3060.00000, 229.233, -27.8376, 228.081, -147.891, 228.245, 91.9644, 0.0207462, 6.77232, 0.259144, 133.965, 0.189391, 13.9115, 0.260248, -106.225, 0.0710547, 14.5283
13, 3120.00000, 229.163, -27.8719, 228.029, -147.923, 228.193, 91.9352, 0.0205511, 6.62629, 0.259223, 133.93, 0.189435, 13.8796, 0.260308, -106.255, 0.0710605, 14.4841
13, 3180.00000, 229.186, -27.8609, 228.046, -147.913, 228.21, 91.9446, 0.020614, 6.67303, 0.259198, 133.941, 0.18942, 13.8896, 0.260289, -106.245, 0.0710593, 14.4987
13, 3240.00000, 229.256, -27.8265, 228.098, -147.881, 228.262, 91.9739, 0.0208084, 6.81843, 0.259119, 133.976, 0.189376, 13.9218, 0.260229, -106.216, 0.0710537, 14.5429
13, 3300.00000, 229.224, -27.8422, 228.074, -147.896, 228.238, 91.9605, 0.0207203, 6.75304, 0.259154, 133.96, 0.189397, 13.9073, 0.260256, -106.229, 0.0710552, 14.5224
13, 3360.00000, 229.168, -27.8525, 227.992, -147.918, 228.257, 91.9432, 0.0204877, 7.49977, 0.259217, 133.95, 0.236831, 13.8854, 0.21292, -106.247, 0.0401945, -76.237
13, 3420.00000, 229.17, -27.8515, 227.994, -147.917, 228.258, 91.944, 0.0204936, 7.50388, 0.259215, 133.951, 0.236829, 13.8863, 0.212918, -106.246, 0.040194, -76.2356
13, 3480.00000, 229.171, -27.8509, 227.995, -147.916, 228.259, 91.9445, 0.020497, 7.50628, 0.259213, 133.951, 0.236828, 13.8869, 0.212918, -106.245, 0.0401935, -76.2349
13, 3540.00000, 229.173, -27.8501, 227.996, -147.915, 228.26, 91.9452, 0.0205016, 7.50957, 0.259211, 133.952, 0.236827, 13.8876, 0.212916, -106.245, 0.0401929, -76.2338
14, 0.00000, 229.155, -27.8591, 227.982, -147.924, 228.246, 91.9375, 0.0204501, 7.47271, 0.259232, 133.943, 0.236841, 13.8792, 0.212929, -106.252, 0.0401996, -76.2447
14, 60.00000, 229.637, -27.5638, 228.338, -147.626, 228.528, 92.2106, 0.0220814, 6.91782, 0.235172, 134.238, 0.236471, 14.1766, 0.259925, -105.979, 0.0243247, 74.8693
14, 120.00000, 229.587, -27.5901, 228.299, -147.652, 228.489, 92.187, 0.0219367, 6.81043, 0.235223, 134.212, 0.236511, 14.151, 0.259971, -106.002, 0.0243213, 74.843
14, 180.00000, 229.626, -27.5698, 228.329, -147.632, 228.519, 92.2052, 0.0220481, 6.89317, 0.235184, 134.232, 0.23648, 14.1706, 0.259937, -105.984, 0.0243239, 74.8619
14, 240.00000, 229.598, -27.5841, 228.308, -147.646, 228.498, 92.1922, 0.0219693, 6.83458, 0.235212, 134.218, 0.236502, 14.1567, 0.259961, -105.997, 0.0243222, 74.8485
14, 300.00000, 229.608, -27.5788, 228.316, -147.641, 228.506, 92.197, 0.0219986, 6.85631, 0.235201, 134.223, 0.236493, 14.1619, 0.259951, -105.992, 0.0243229, 74.8542
14, 360.00000, 229.561, -27.5572, 228.26, -147.65, 228.58, 92.1992, 0.0159536, -2.79509, 0.282296, 134.246, 0.28387, 14.1525, 0.212616, -105.992, 0.0700692, -106.336
14, 420.00000, 229.546, -27.5649, 228.249, -147.658, 228.568, 92.1924, 0.0159131, -2.86095, 0.282316, 134.238, 0.283885, 14.1449, 0.212628, -105.998, 0.0700763, -106.343
14, 480.00000, 229.514, -27.5813, 228.225, -147.674, 228.544, 92.1778, 0.0158267, -3.00339, 0.282353, 134.222, 0.283914, 14.1292, 0.212649, -106.013, 0.0700902, -106.358
14, 540.00000, 229.513, -27.5818, 228.224, -147.674, 228.543, 92.1774, 0.0158242, -3.00749, 0.282354, 134.222, 0.283915, 14.1287, 0.21265, -106.013, 0.0700905, -106.358
14, 600.00000, 229.524, -27.5765, 228.232, -147.669, 228.551, 92.1821, 0.0158521, -2.96158, 0.28234, 134.227, 0.283905, 14.1339, 0.212642, -106.009, 0.0700859, -106.353
14, 660.00000, 229.615, -27.5841, 228.384, -147.647, 228.499, 92.198, 0.0188437, -0.242793, 0.258715, 134.219, 0.283712, 14.1559, 0.212692, -105.992, 0.0619306, -125.623
14, 720.00000, 229.631, -27.5759, 228.396, -147.639, 228.511, 92.2054, 0.0188879, -0.188487, 0.258694, 134.227, 0.283696, 14.164, 0.212679, -105.985, 0.061924, -125.619
14, 780.00000, 229.591, -27.5965, 228.366, -147.658, 228.48, 92.1869, 0.0187779, -0.325346, 0.258739, 134.207, 0.283735, 14.1441, 0.212709, -106.003, 0.0619384, -125.634
14, 840.00000, 229.555, -27.6152, 228.339, -147.676, 228.452, 92.1701, 0.018678, -0.451055, 0.25878, 134.188, 0.283769, 14.1262, 0.212735, -106.02, 0.0619517, -125.648
14, 900.00000, 229.538, -27.6243, 228.325, -147.685, 228.438, 92.1621, 0.0186296, -0.512119, 0.2588, 134.179, 0.283786, 14.1175, 0.212748, -106.028, 0.0619584, -125.655
14, 960.00000, 229.48, -27.5873, 228.145, -147.688, 228.56, 92.1672, 0.0209436, 16.1446, 0.258864, 134.214, 0.260337, 14.1158, 0.236267, -106.023, 0.0229541, -107.092
14, 1020.00000, 229.492, -27.5812, 228.154, -147.682, 228.569, 92.1726, 0.0209778, 16.1547, 0.258849, 134.22, 0.260326, 14.1218, 0.236256, -106.017, 0.022951, -107.087
14, 1080.00000, 229.479, -27.5875, 228.145, -147.688, 228.56, 92.1671, 0.0209426, 16.1444, 0.258865, 134.214, 0.260339, 14.1156, 0.236269, -106.023, 0.0229541, -107.093
14, 1140.00000, 229.424, -27.6161, 228.103, -147.716, 228.516, 92.1417, 0.020781, 16.0973, 0.258926, 134.186, 0.260386, 14.0882, 0.236311, -106.048, 0.0229692, -107.116
14, 1200.00000, 229.412, -27.6222, 228.094, -147.721, 228.507, 92.1364, 0.0207469, 16.0876, 0.258941, 134.179, 0.260397, 14.0823, 0.236323, -106.053, 0.0229724, -107.122
14, 1260.00000, 229.485, -27.6467, 228.24, -147.702, 228.355, 92.1313, 0.0222388, 14.211, 0.235328, 134.155, 0.260229, 14.1018, 0.283772, -106.058, 0.0416659, 103.835
14, 1320.00000, 229.476, -27.6517, 228.233, -147.706, 228.348, 92.1271, 0.0222111, 14.2002, 0.235337, 134.15, 0.260238, 14.0971, 0.283784, -106.062, 0.0416689, 103.83
14, 1380.00000, 229.484, -27.6472, 228.239, -147.702, 228.355, 92.131, 0.0222362, 14.2094, 0.235326, 134.154, 0.260229, 14.1015, 0.283774, -106.058, 0.041669, 103.834
14, 1440.00000, 229.521, -27.6284, 228.267, -147.684, 228.383, 92.1476, 0.0223416, 14.2485, 0.23529, 134.173, 0.260198, 14.1194, 0.28374, -106.042, 0.0416692, 103.847
14, 1500.00000, 229.524, -27.6266, 228.269, -147.682, 228.386, 92.1492, 0.0223519, 14.2523, 0.235286, 134.175, 0.260194, 14.1211, 0.283736, -106.04, 0.0416691, 103.848
14, 1560.00000, 229.455, -27.6303, 228.231, -147.713, 228.484, 92.1422, 0.0174368, 3.16925, 0.235355, 134.173, 0.236587, 14.0898, 0.259975, -106.048, 0.0242991, 74.7278
14, 1620.00000, 229.443, -27.6365, 228.222, -147.719, 228.475, 92.1368, 0.0174032, 3.13285, 0.235369, 134.166, 0.236597, 14.0839, 0.259987, -106.054, 0.0242982, 74.7196
14, 1680.00000, 229.411, -27.6528, 228.198, -147.735, 228.45, 92.1223, 0.0173137, 3.03292, 0.2354, 134.15, 0.236621, 14.0682, 0.260013, -106.068, 0.0242951, 74.7052
14, 1740.00000, 229.367, -27.6755, 228.164, -147.756, 228.415, 92.1023, 0.0171891, 2.89301, 0.235446, 134.127, 0.236656, 14.0466, 0.260053, -106.088, 0.0242908, 74.6852
14, 1800.00000, 229.365, -27.6768, 228.162, -147.758, 228.413, 92.1012, 0.017182, 2.88499, 0.235448, 134.126, 0.236658, 14.0453, 0.260055, -106.089, 0.0242906, 74.6839
14, 1860.00000, 229.382, -27.6744, 227.992, -147.77, 228.419, 92.0849, 0.0186857, 17.5394, 0.235429, 134.127, 0.284198, 14.0337, 0.212772, -106.105, 0.0624993, -147.605
14, 1920.00000, 229.407, -27.6614, 228.011, -147.758, 228.439, 92.0963, 0.0187597, 17.5553, 0.235403, 134.14, 0.284174, 14.046, 0.212753, -106.094, 0.0624908, -147.596
14, 1980.00000, 229.392, -27.6694, 227.999, -147.765, 228.427, 92.0893, 0.0187145, 17.5455, 0.235419, 134.132, 0.284189, 14.0385, 0.212764, -106.101, 0.062496, -147.601
14, 2040.00000, 229.371, -27.6797, 227.984, -147.775, 228.411, 92.0802, 0.0186551, 17.5329, 0.23544, 134.122, 0.284208, 14.0286, 0.212779, -106.11, 0.062503, -147.608
14, 2100.00000, 229.358, -27.6864, 227.974, -147.782, 228.401, 92.0744, 0.0186172, 17.5249, 0.235453, 134.115, 0.28422, 14.0223, 0.212788, -106.116, 0.0625076, -147.613
14, 2160.00000, 229.359, -27.7011, 228.112, -147.764, 228.376, 92.0877, 0.0196352, 8.31494, 0.259001, 134.101, 0.189366, 14.0387, 0.2601, -106.102, 0.070987, 14.662
14, 2220.00000, 229.332, -27.7149, 228.091, -147.778, 228.355, 92.0756, 0.0195578, 8.25939, 0.259031, 134.087, 0.189383, 14.0254, 0.260123, -106.114, 0.0709907, 14.6453
14, 2280.00000, 229.333, -27.7142, 228.092, -147.777, 228.356, 92.0762, 0.0195614, 8.26205, 0.25903, 134.088, 0.189382, 14.0261, 0.260122, -106.114, 0.0709905, 14.6461
14, 2340.00000, 229.284, -27.7393, 228.055, -147.801, 228.318, 92.0542, 0.0194205, 8.16065, 0.259085, 134.063, 0.189414, 14.0021, 0.260166, -106.136, 0.0709969, 14.6153
14, 2400.00000, 229.289, -27.7366, 228.059, -147.798, 228.322, 92.0565, 0.0194357, 8.17146, 0.259079, 134.066, 0.18941, 14.0046, 0.260161, -106.133, 0.0709962, 14.6189
14, 2460.00000, 229.235, -27.7478, 228.18, -147.789, 228.172, 92.0643, 0.0175773, -1.20275, 0.282698, 134.055, 0.331296, 14.014, 0.283995, -106.126, 0.0471787, -167.051
14, 2520.00000, 229.203, -27.7641, 228.156, -147.804, 228.147, 92.05, 0.0174897, -1.32291, 0.282738, 134.039, 0.331331, 13.9986, 0.284026, -106.14, 0.0471875, -167.058
14, 2580.00000, 229.234, -27.7486, 228.179, -147.79, 228.171, 92.0635, 0.0175727, -1.20922, 0.2827, 134.055, 0.331297, 14.0132, 0.283997, -106.127, 0.047179, -167.051
14, 2640.00000, 229.203, -27.7644, 228.156, -147.804, 228.146, 92.0497, 0.0174878, -1.32541, 0.282739, 134.039, 0.331332, 13.9983, 0.284027, -106.141, 0.0471877, -167.058
14, 2700.00000, 229.193, -27.769, 228.149, -147.809, 228.139, 92.0457, 0.0174628, -1.36036, 0.28275, 134.034, 0.331341, 13.9939, 0.284036, -106.145, 0.0471897, -167.06
14, 2760.00000, 229.222, -27.7709, 228.112, -147.82, 228.176, 92.0343, 0.0194648, 13.5282, 0.212035, 134.031, 0.213036, 13.9837, 0.212997, -106.156, 0.000665654, 97.0697
14, 2820.00000, 229.193, -27.7859, 228.089, -147.834, 228.153, 92.0211, 0.0193787, 13.4919, 0.212062, 134.016, 0.213057, 13.9694, 0.213018, -106.169, 0.000661282, 97.1887
14, 2880.00000, 229.182, -27.7913, 228.081, -147.839, 228.145, 92.0164, 0.0193484, 13.4793, 0.212072, 134.011, 0.213065, 13.9644, 0.213026, -106.174, 0.000659575, 97.252
14, 2940.00000, 229.202, -27.781, 228.097, -147.829, 228.16, 92.0255, 0.0194071, 13.5042, 0.212053, 134.021, 0.213051, 13.9742, 0.213012, -106.165, 0.00066288, 97.1827
14, 3000.00000, 229.193, -27.7856, 228.09, -147.834, 228.153, 92.0214, 0.0193805, 13.4928, 0.212062, 134.016, 0.213057, 13.9697, 0.213018, -106.169, 0.00066141, 97.2014
14, 3060.00000, 229.169, -27.7874, 228.055, -147.851, 228.248, 92.0216, 0.0170344, 8.84094, 0.282777, 134.015, 0.260446, 13.9523, 0.260246, -106.169, 0.022912, -45.0153
14, 3120.00000, 229.156, -27.7938, 228.045, -147.857, 228.238, 92.0159, 0.0169973, 8.81292, 0.282793, 134.009, 0.260457, 13.9461, 0.260257, -106.175, 0.0229153, -45.0271
14, 3180.00000, 229.137, -27.8035, 228.03, -147.867, 228.222, 92.0072, 0.0169413, 8.77099, 0.282817, 133.999, 0.260474, 13.9369, 0.260274, -106.183, 0.0229196, -45.0445
14, 3240.00000, 229.14, -27.802, 228.033, -147.865, 228.225, 92.0086, 0.0169503, 8.77788, 0.282813, 134.001, 0.260471, 13.9384, 0.260272, -106.182, 0.0229188, -45.0417
14, 3300.00000, 229.126, -27.8091, 228.022, -147.872, 228.214, 92.0023, 0.016909, 8.7468, 0.282831, 133.994, 0.260483, 13.9315, 0.260284, -106.188, 0.0229221, -45.054
14, 3360.00000, 229.02, -27.8457, 227.979, -147.902, 228.144, 91.9783, 0.0220528, -8.85897, 0.306552, 133.958, 0.236846, 13.8992, 0.284026, -106.211, 0.062356, -4.44557
14, 3420.00000, 229.003, -27.8541, 227.966, -147.91, 228.131, 91.9706, 0.0220087, -8.92881, 0.306574, 133.949, 0.23686, 13.8911, 0.284043, -106.219, 0.0623601, -4.45668
14, 3480.00000, 229.027, -27.8418, 227.985, -147.899, 228.15, 91.9818, 0.022073, -8.82666, 0.306542, 133.961, 0.23684, 13.903, 0.284019, -106.208, 0.0623537, -4.44063
14, 3540.00000, 229.017, -27.8467, 227.978, -147.903, 228.142, 91.9773, 0.022047, -8.86771, 0.306556, 133.956, 0.236849, 13.8981, 0.284029, -106.212, 0.0623563, -4.44797
15, 0.00000, 229.03, -27.817, 227.993, -147.874, 228.155, 92.0053, 0.0220016, -8.90094, 0.306538, 133.986, 0.236832, 13.9272, 0.284012, -106.184, 0.0623631, -4.41573
15, 60.00000, 229.093, -27.694, 227.981, -147.76, 228.225, 92.1115, 0.0176725, 21.0791, 0.212151, 134.108, 0.331581, 14.0446, 0.331261, -106.079, 0.118651, 133.893
15, 120.00000, 229.096, -27.6926, 227.983, -147.758, 228.227, 92.1127, 0.0176803, 21.0789, 0.212149, 134.109, 0.331578, 14.0458, 0.331258, -106.078, 0.118649, 133.894
15, 180.00000, 229.101, -27.6902, 227.987, -147.756, 228.23, 92.1149, 0.0176945, 21.079, 0.212144, 134.112, 0.331572, 14.0481, 0.331252, -106.076, 0.118648, 133.896
15, 240.00000, 229.062, -27.7102, 227.957, -147.775, 228.2, 92.0971, 0.0175781, 21.0774, 0.212181, 134.092, 0.331616, 14.0289, 0.331297, -106.094, 0.118662, 133.879
15, 300.00000, 229.038, -27.7221, 227.939, -147.787, 228.181, 92.0865, 0.0175088, 21.0768, 0.212202, 134.08, 0.331642, 14.0175, 0.331323, -106.104, 0.118671, 133.87
15, 360.00000, 229.202, -27.7176, 228.042, -147.759, 228.098, 92.0817, 0.0220344, 8.68071, 0.25918, 134.084, 0.236777, 14.0439, 0.307766, -106.108, 0.0632905, 55.3295
15, 420.00000, 229.212, -27.7127, 228.049, -147.754, 228.106, 92.086, 0.0220621, 8.69816, 0.259168, 134.089, 0.236769, 14.0484, 0.307755, -106.103, 0.0632908, 55.3352
15, 480.00000, 229.196, -27.7207, 228.037, -147.762, 228.093, 92.0789, 0.0220169, 8.6696, 0.259187, 134.081, 0.236782, 14.0409, 0.307772, -106.11, 0.063291, 55.3265
15, 540.00000, 229.166, -27.736, 228.014, -147.777, 228.07, 92.0654, 0.0219295, 8.61375, 0.259221, 134.066, 0.236806, 14.0261, 0.307804, -106.124, 0.063292, 55.3106
15, 600.00000, 229.129, -27.7545, 227.987, -147.794, 228.041, 92.0491, 0.0218242, 8.54616, 0.259262, 134.047, 0.236835, 14.0085, 0.307843, -106.14, 0.0632924, 55.2918
15, 660.00000, 229.013, -27.7778, 227.973, -147.818, 228.054, 92.054, 0.0178981, 20.1097, 0.235806, 134.024, 0.307908, 13.9857, 0.28415, -106.137, 0.0629954, 152.607
15, 720.00000, 229, -27.7848, 227.962, -147.825, 228.043, 92.0478, 0.0178571, 20.1069, 0.235821, 134.017, 0.307922, 13.9789, 0.284164, -106.143, 0.0629977, 152.602
15, 780.00000, 228.993, -27.7881, 227.957, -147.828, 228.038, 92.0449, 0.017838, 20.1061, 0.235828, 134.014, 0.30793, 13.9759, 0.284171, -106.146, 0.0629994, 152.6
15, 840.00000, 228.949, -27.81, 227.924, -147.849, 228.004, 92.0255, 0.0177095, 20.099, 0.235872, 133.992, 0.307975, 13.955, 0.284212, -106.165, 0.063007, 152.587
15, 900.00000, 228.925, -27.8222, 227.905, -147.861, 227.985, 92.0147, 0.017638, 20.0944, 0.235897, 133.98, 0.307999, 13.9432, 0.284236, -106.176, 0.0630112, 152.578
15, 960.00000, 229.035, -27.7921, 227.777, -147.856, 228.054, 92.0013, 0.0117716, 9.40423, 0.165048, 134.011, 0.260769, 13.9482, 0.260466, -106.191, 0.0950233, 133.807
15, 1020.00000, 229.079, -27.7819, 227.816, -147.846, 228.092, 92.0108, 0.011806, 9.44311, 0.165015, 134.021, 0.260724, 13.9583, 0.260423, -106.181, 0.0950093, 133.815
15, 1080.00000, 229.059, -27.792, 227.801, -147.855, 228.077, 92.0019, 0.0117475, 9.38752, 0.16503, 134.011, 0.260741, 13.9486, 0.26044, -106.19, 0.0950152, 133.807
15, 1140.00000, 229.043, -27.8002, 227.789, -147.863, 228.064, 91.9947, 0.0116999, 9.34262, 0.165042, 134.003, 0.260755, 13.9408, 0.260455, -106.197, 0.0950199, 133.801
15, 1200.00000, 229.038, -27.8024, 227.785, -147.865, 228.061, 91.9928, 0.0116867, 9.33067, 0.165045, 134.001, 0.26076, 13.9388, 0.260459, -106.199, 0.0950214, 133.799
15, 1260.00000, 228.864, -27.8142, 227.738, -147.902, 228.099, 91.9858, 0.018753, 12.3323, 0.212366, 133.988, 0.237096, 13.9017, 0.260417, -106.204, 0.0415319, 103.916
15, 1320.00000, 228.851, -27.8208, 227.728, -147.908, 228.089, 91.9799, 0.0187141, 12.3131, 0.212378, 133.981, 0.237107, 13.8953, 0.260429, -106.21, 0.0415318, 103.911
15, 1380.00000, 228.844, -27.8241, 227.723, -147.911, 228.083, 91.977, 0.0186945, 12.3035, 0.212385, 133.978, 0.237113, 13.8923, 0.260436, -106.213, 0.0415316, 103.909
15, 1440.00000, 228.844, -27.8243, 227.723, -147.911, 228.083, 91.9768, 0.0186938, 12.3032, 0.212385, 133.978, 0.237112, 13.8921, 0.260435, -106.213, 0.0415317, 103.909
15, 1500.00000, 228.822, -27.8352, 227.706, -147.922, 228.066, 91.9672, 0.0186299, 12.271, 0.212405, 133.967, 0.237129, 13.8816, 0.260455, -106.223, 0.0415321, 103.9
15, 1560.00000, 228.849, -27.8622, 227.844, -147.896, 227.913, 91.9697, 0.0192997, 3.41744, 0.259578, 133.94, 0.236986, 13.9069, 0.21324, -106.22, 0.0402908, -76.1441
15, 1620.00000, 228.831, -27.8714, 227.83, -147.905, 227.898, 91.9613, 0.0192456, 3.36429, 0.259599, 133.931, 0.237001, 13.8979, 0.213254, -106.229, 0.040297, -76.1527
15, 1680.00000, 228.824, -27.8746, 227.825, -147.908, 227.893, 91.9583, 0.0192265, 3.34548, 0.259608, 133.928, 0.237007, 13.8949, 0.213259, -106.232, 0.0402997, -76.1573
15, 1740.00000, 228.795, -27.8889, 227.802, -147.922, 227.869, 91.9452, 0.0191427, 3.26229, 0.25964, 133.914, 0.23703, 13.8808, 0.21328, -106.245, 0.040308, -76.1694
15, 1800.00000, 228.782, -27.8953, 227.792, -147.928, 227.859, 91.9393, 0.0191045, 3.22431, 0.259655, 133.907, 0.237041, 13.8746, 0.21329, -106.251, 0.0403123, -76.1761
15, 1860.00000, 228.779, -27.879, 227.724, -147.943, 227.968, 91.9472, 0.0165057, 28.1442, 0.236045, 133.923, 0.237112, 13.8616, 0.307948, -106.244, 0.0715881, 74.0462
15, 1920.00000, 228.749, -27.894, 227.701, -147.958, 227.943, 91.9334, 0.0164152, 28.1865, 0.236076, 133.908, 0.237136, 13.847, 0.307981, -106.258, 0.0715914, 74.031
15, 1980.00000, 228.754, -27.8916, 227.704, -147.955, 227.947, 91.9356, 0.0164299, 28.1796, 0.236071, 133.91, 0.237132, 13.8494, 0.307975, -106.255, 0.071591, 74.0336
15, 2040.00000, 228.736, -27.9003, 227.691, -147.964, 227.933, 91.9277, 0.0163772, 28.2046, 0.23609, 133.901, 0.237147, 13.841, 0.307995, -106.263, 0.0715925, 74.0247
15, 2100.00000, 228.713, -27.9111, 227.674, -147.974, 227.916, 91.9179, 0.0163118, 28.236, 0.236113, 133.891, 0.237164, 13.8306, 0.308018, -106.273, 0.0715944, 74.0138
15, 2160.00000, 228.806, -27.918, 227.624, -147.981, 227.885, 91.8929, 0.0190541, 4.31318, 0.28323, 133.885, 0.237216, 13.8221, 0.213267, -106.297, 0.0617722, -65.2744
15, 2220.00000, 228.793, -27.9238, 227.615, -147.986, 227.875, 91.8876, 0.0190193, 4.28097, 0.283245, 133.879, 0.237225, 13.8164, 0.213275, -106.302, 0.061778, -65.2807
15, 2280.00000, 228.774, -27.9331, 227.6, -147.995, 227.86, 91.8794, 0.0189645, 4.23005, 0.283269, 133.87, 0.23724, 13.8075, 0.213289, -106.311, 0.0617861, -65.2912
15, 2340.00000, 228.78, -27.9302, 227.605, -147.993, 227.865, 91.882, 0.0189817, 4.24617, 0.283261, 133.873, 0.237235, 13.8103, 0.213284, -106.308, 0.0617834, -65.2875
15, 2400.00000, 228.766, -27.9369, 227.594, -147.999, 227.854, 91.8762, 0.0189426, 4.20966, 0.283278, 133.866, 0.237247, 13.804, 0.213295, -106.314, 0.0617894, -65.2956
15, 2460.00000, 228.569, -27.9565, 227.614, -148.021, 227.871, 91.879, 0.0172529, 13.4228, 0.236266, 133.846, 0.284672, 13.7825, 0.284376, -106.312, 0.0478537, 133.498
15, 2520.00000, 228.562, -27.9595, 227.609, -148.024, 227.866, 91.8764, 0.017235, 13.4148, 0.236273, 133.843, 0.284679, 13.7797, 0.284383, -106.314, 0.0478545, 133.497
15, 2580.00000, 228.552, -27.9643, 227.601, -148.029, 227.858, 91.8722, 0.0172052, 13.4013, 0.236284, 133.838, 0.284689, 13.775, 0.284393, -106.319, 0.0478556, 133.494
15, 2640.00000, 228.548, -27.9662, 227.598, -148.031, 227.855, 91.8704, 0.0171936, 13.396, 0.236288, 133.836, 0.284692, 13.7731, 0.284396, -106.32, 0.0478559, 133.492
15, 2700.00000, 228.535, -27.9728, 227.588, -148.037, 227.844, 91.8645, 0.0171533, 13.3776, 0.236301, 133.83, 0.284705, 13.7667, 0.284409, -106.326, 0.047857, 133.488
15, 2760.00000, 228.592, -27.9612, 227.569, -148.027, 227.768, 91.8561, 0.0151735, 3.73228, 0.259867, 133.842, 0.284732, 13.7763, 0.237083, -106.335, 0.0407426, -137.127
15, 2820.00000, 228.592, -27.9609, 227.569, -148.027, 227.768, 91.8564, 0.0151753, 3.73405, 0.259866, 133.842, 0.284732, 13.7765, 0.237083, -106.335, 0.040742, -137.128
15, 2880.00000, 228.57, -27.9715, 227.553, -148.037, 227.751, 91.8471, 0.0151123, 3.66159, 0.259891, 133.832, 0.284753, 13.7664, 0.237101, -106.344, 0.0407489, -137.134
15, 2940.00000, 228.563, -27.9747, 227.548, -148.04, 227.746, 91.8443, 0.0150935, 3.63981, 0.259899, 133.828, 0.284759, 13.7634, 0.237107, -106.347, 0.0407512, -137.136
15, 3000.00000, 228.575, -27.9691, 227.557, -148.034, 227.755, 91.8493, 0.0151269, 3.67855, 0.259885, 133.834, 0.284748, 13.7688, 0.237097, -106.342, 0.0407474, -137.133
15, 3060.00000, 228.648, -27.9957, 227.459, -148.042, 227.646, 91.8146, 0.0172246, 13.2612, 0.259803, 133.807, 0.261127, 13.762, 0.308378, -106.376, 0.0480876, 74.1229
15, 3120.00000, 228.623, -28.0074, 227.44, -148.053, 227.627, 91.8041, 0.0171524, 13.229, 0.259831, 133.795, 0.261149, 13.7509, 0.308404, -106.387, 0.0480868, 74.1112
15, 3180.00000, 228.611, -28.0134, 227.43, -148.059, 227.617, 91.7988, 0.0171155, 13.2121, 0.259845, 133.789, 0.26116, 13.7451, 0.308417, -106.392, 0.0480872, 74.1052
15, 3240.00000, 228.586, -28.0238, 227.412, -148.069, 227.598, 91.7898, 0.0170345, 13.1782, 0.259874, 133.779, 0.261182, 13.7352, 0.308443, -106.401, 0.0480856, 74.0951
15, 3300.00000, 228.583, -28.0248, 227.41, -148.07, 227.596, 91.7889, 0.0170283, 13.1754, 0.259876, 133.778, 0.261183, 13.7342, 0.308446, -106.402, 0.0480858, 74.094
15, 3360.00000, 228.633, -28.0243, 227.484, -148.058, 227.655, 91.7997, 0.0177011, -17.3495, 0.259825, 133.78, 0.213631, 13.7437, 0.166036, -106.391, 0.0813367, -76.4111
15, 3420.00000, 228.639, -28.0214, 227.489, -148.055, 227.66, 91.8022, 0.0177155, -17.3129, 0.259817, 133.783, 0.213626, 13.7464, 0.166032, -106.388, 0.0813335, -76.4081
15, 3480.00000, 228.621, -28.0299, 227.475, -148.063, 227.646, 91.7947, 0.0176731, -17.4222, 0.259838, 133.774, 0.213639, 13.7383, 0.166043, -106.396, 0.0813423, -76.4162
15, 3540.00000, 228.606, -28.0369, 227.464, -148.07, 227.635, 91.7884, 0.0176379, -17.5134, 0.259855, 133.767, 0.213649, 13.7315, 0.166051, -106.402, 0.0813495, -76.4231
16, 0.00000, 228.584, -28.0473, 227.447, -148.08, 227.617, 91.7792, 0.0175859, -17.649, 0.25988, 133.757, 0.213665, 13.7215, 0.166064, -106.412, 0.0813601, -76.4334
16, 60.00000, 228.199, -28.0827, 227.429, -148.126, 227.568, 91.783, 0.0156684, -10.5347, 0.236651, 133.721, 0.284909, 13.6768, 0.261018, -106.408, 0.0413167, 163.127
16, 120.00000, 228.181, -28.0913, 227.415, -148.134, 227.553, 91.7753, 0.0156216, -10.6396, 0.236669, 133.713, 0.284926, 13.6686, 0.261034, -106.416, 0.0413191, 163.124
16, 180.00000, 228.151, -28.1056, 227.392, -148.148, 227.53, 91.7626, 0.0155437, -10.815, 0.236701, 133.698, 0.284956, 13.6549, 0.261061, -106.428, 0.0413225, 163.118
16, 240.00000, 228.147, -28.1076, 227.389, -148.149, 227.527, 91.7609, 0.0155331, -10.8392, 0.236706, 133.696, 0.28496, 13.653, 0.261065, -106.43, 0.0413224, 163.116
16, 300.00000, 228.13, -28.1156, 227.376, -148.157, 227.514, 91.7538, 0.01549, -10.938, 0.236723, 133.688, 0.284975, 13.6454, 0.261079, -106.437, 0.0413247, 163.113
16, 360.00000, 228.227, -28.1237, 227.278, -148.164, 227.454, 91.7229, 0.0142022, 0.139413, 0.283944, 133.68, 0.308856, 13.639, 0.284891, -106.468, 0.0238103, -167.936
16, 420.00000, 228.209, -28.1319, 227.265, -148.172, 227.441, 91.7155, 0.0141528, 0.0652459, 0.283965, 133.672, 0.308874, 13.6311, 0.284909, -106.476, 0.0238123, -167.936
16, 480.00000, 228.182, -28.1445, 227.244, -148.184, 227.419, 91.704, 0.014076, -0.0506431, 0.283999, 133.659, 0.308902, 13.6188, 0.284936, -106.487, 0.0238147, -167.936
16, 540.00000, 228.161, -28.1544, 227.228, -148.194, 227.403, 91.6949, 0.0140157, -0.143317, 0.284025, 133.649, 0.308924, 13.6092, 0.284956, -106.496, 0.0238167, -167.936
16, 600.00000, 228.144, -28.1619, 227.215, -148.201, 227.39, 91.688, 0.0139692, -0.214913, 0.284046, 133.642, 0.308941, 13.6018, 0.284973, -106.503, 0.0238177, -167.937
16, 660.00000, 228.063, -28.1647, 227.115, -148.223, 227.403, 91.6906, 0.0157046, 9.15822, 0.331505, 133.638, 0.2853, 13.5807, 0.356198, -106.5, 0.0629845, 33.3454
16, 720.00000, 228.047, -28.1724, 227.102, -148.23, 227.39, 91.6836, 0.0156558, 9.12134, 0.331529, 133.63, 0.285316, 13.5733, 0.356219, -106.507, 0.0629873, 33.3355
16, 780.00000, 228.042, -28.1744, 227.098, -148.232, 227.386, 91.6817, 0.015642, 9.11097, 0.331537, 133.628, 0.285321, 13.5711, 0.356225, -106.509, 0.062989, 33.3315
16, 840.00000, 228.049, -28.1715, 227.104, -148.23, 227.392, 91.6844, 0.0156616, 9.1256, 0.331525, 133.631, 0.285314, 13.5742, 0.356216, -106.506, 0.0629864, 33.3374
16, 900.00000, 228.033, -28.1784, 227.092, -148.236, 227.38, 91.678, 0.0156166, 9.09186, 0.331548, 133.624, 0.285329, 13.5673, 0.356235, -106.513, 0.0629894, 33.3274
16, 960.00000, 227.977, -28.1897, 227.176, -148.245, 227.43, 91.68, 0.01657, -16.7599, 0.260571, 133.615, 0.261458, 13.5575, 0.213687, -106.511, 0.0471046, -106.908
16, 1020.00000, 227.955, -28.1996, 227.16, -148.254, 227.413, 91.6708, 0.0165178, -16.9, 0.260595, 133.605, 0.261477, 13.5478, 0.213703, -106.52, 0.0471112, -106.916
16, 1080.00000, 227.93, -28.2115, 227.14, -148.266, 227.393, 91.6597, 0.016455, -17.0702, 0.260625, 133.593, 0.2615, 13.5361, 0.213722, -106.531, 0.0471188, -106.924
16, 1140.00000, 227.876, -28.236, 227.098, -148.29, 227.35, 91.6368, 0.0163247, -17.4293, 0.260687, 133.568, 0.261549, 13.5117, 0.213763, -106.554, 0.0471336, -106.94
16, 1200.00000, 227.864, -28.2416, 227.089, -148.296, 227.34, 91.6316, 0.0162954, -17.5105, 0.2607, 133.563, 0.261559, 13.5063, 0.213772, -106.559, 0.0471373, -106.945
16, 1260.00000, 227.781, -28.2655, 227.097, -148.32, 227.261, 91.6111, 0.0173153, -7.40559, 0.237087, 133.538, 0.261546, 13.4827, 0.213848, -106.579, 0.0409642, -137.09
16, 1320.00000, 227.778, -28.2668, 227.095, -148.321, 227.259, 91.6098, 0.0173073, -7.41977, 0.23709, 133.537, 0.261549, 13.4814, 0.213851, -106.581, 0.0409646, -137.091
16, 1380.00000, 227.763, -28.2738, 227.083, -148.328, 227.247, 91.6033, 0.0172667, -7.49291, 0.237105, 133.53, 0.261562, 13.4746, 0.213862, -106.587, 0.0409681, -137.095
16, 1440.00000, 227.74, -28.2844, 227.066, -148.338, 227.228, 91.5934, 0.0172049, -7.60518, 0.237129, 133.519, 0.261583, 13.4641, 0.213879, -106.597, 0.0409726, -137.101
16, 1500.00000, 227.744, -28.2826, 227.069, -148.337, 227.231, 91.5951, 0.0172151, -7.58663, 0.237125, 133.521, 0.261579, 13.4659, 0.213876, -106.595, 0.0409718, -137.1
16, 1560.00000, 227.573, -28.4251, 226.842, -148.456, 226.881, 91.4454, 0.0126421, -12.3761, 0.28476, 133.379, 0.333259, 13.3473, 0.309409, -106.746, 0.0414203, 162.605
16, 1620.00000, 227.662, -28.3844, 226.911, -148.415, 226.953, 91.4836, 0.0128719, -11.7251, 0.284647, 133.42, 0.333156, 13.3877, 0.309311, -106.708, 0.0414173, 162.631
16, 1680.00000, 227.872, -28.2887, 227.074, -148.321, 227.122, 91.5732, 0.0134168, -10.2805, 0.284386, 133.515, 0.332917, 13.4822, 0.309082, -106.618, 0.0414081, 162.69
16, 1740.00000, 227.842, -28.3025, 227.05, -148.334, 227.098, 91.5603, 0.0133384, -10.4802, 0.284422, 133.502, 0.332951, 13.4688, 0.309114, -106.631, 0.0414104, 162.683
16, 1800.00000, 227.815, -28.315, 227.029, -148.347, 227.076, 91.5486, 0.0132666, -10.6654, 0.284457, 133.489, 0.332982, 13.4564, 0.309144, -106.643, 0.0414115, 162.675
16, 1860.00000, 227.875, -28.3027, 226.962, -148.346, 227.101, 91.5462, 0.0170042, 0.489967, 0.308084, 133.5, 0.285493, 13.4573, 0.285335, -106.644, 0.0231118, -45.6812
16, 1920.00000, 227.856, -28.3112, 226.947, -148.354, 227.086, 91.5383, 0.0169524, 0.424916, 0.308109, 133.492, 0.285511, 13.4491, 0.285354, -106.652, 0.023116, -45.6925
16, 1980.00000, 227.841, -28.318, 226.936, -148.361, 227.074, 91.5319, 0.01691, 0.371133, 0.308129, 133.485, 0.285525, 13.4423, 0.285369, -106.659, 0.0231199, -45.7012
16, 2040.00000, 227.802, -28.3358, 226.906, -148.378, 227.043, 91.5153, 0.0168004, 0.231382, 0.308181, 133.467, 0.285563, 13.4248, 0.285408, -106.675, 0.0231295, -45.7249
16, 2100.00000, 227.805, -28.3344, 226.908, -148.377, 227.045, 91.5166, 0.0168086, 0.24177, 0.308177, 133.469, 0.28556, 13.4261, 0.285405, -106.674, 0.0231291, -45.7225
16, 2160.00000, 227.791, -28.3526, 226.932, -148.385, 227.015, 91.5063, 0.00942088, 18.5529, 0.237066, 133.451, 0.333126, 13.4192, 0.285447, -106.686, 0.0826004, 163.097
16, 2220.00000, 227.779, -28.3582, 226.923, -148.391, 227.005, 91.5011, 0.00938454, 18.5503, 0.237078, 133.445, 0.333139, 13.4138, 0.285459, -106.691, 0.0826034, 163.093
16, 2280.00000, 227.751, -28.3711, 226.901, -148.404, 226.983, 91.4889, 0.00929966, 18.5438, 0.237107, 133.432, 0.333172, 13.4011, 0.285488, -106.704, 0.0826098, 163.082
16, 2340.00000, 227.725, -28.3831, 226.88, -148.416, 226.961, 91.4777, 0.00922091, 18.5378, 0.237135, 133.42, 0.333202, 13.3892, 0.285514, -106.715, 0.0826154, 163.072
16, 2400.00000, 227.728, -28.3813, 226.883, -148.414, 226.965, 91.4794, 0.0092325, 18.5385, 0.237131, 133.422, 0.333197, 13.3909, 0.28551, -106.713, 0.0826145, 163.074
16, 2460.00000, 227.744, -28.3819, 226.784, -148.424, 226.977, 91.463, 0.0177551, 10.9857, 0.260835, 133.42, 0.238094, 13.3795, 0.237913, -106.727, 0.0232177, -46.0006
16, 2520.00000, 227.678, -28.412, 226.733, -148.454, 226.923, 91.4349, 0.0175617, 10.878, 0.260911, 133.39, 0.238148, 13.3497, 0.237969, -106.756, 0.0232329, -46.0383
16, 2580.00000, 227.645, -28.4269, 226.708, -148.469, 226.897, 91.4209, 0.0174663, 10.8245, 0.260948, 133.375, 0.238175, 13.3351, 0.237996, -106.769, 0.0232397, -46.0591
16, 2640.00000, 227.624, -28.4363, 226.692, -148.478, 226.881, 91.4122, 0.0174063, 10.7903, 0.260971, 133.366, 0.238192, 13.3258, 0.238014, -106.778, 0.0232445, -46.0703
16, 2700.00000, 227.613, -28.4414, 226.683, -148.483, 226.871, 91.4074, 0.0173735, 10.7715, 0.260984, 133.361, 0.238201, 13.3208, 0.238023, -106.783, 0.0232473, -46.0763
16, 2760.00000, 227.556, -28.4462, 226.727, -148.474, 226.836, 91.4281, 0.0173906, -0.239654, 0.261052, 133.357, 0.21434, 13.3289, 0.261862, -106.762, 0.0475912, 13.9989
16, 2820.00000, 227.55, -28.4492, 226.722, -148.477, 226.831, 91.4254, 0.0173727, -0.262542, 0.26106, 133.354, 0.214345, 13.326, 0.261869, -106.765, 0.0475933, 13.9942
16, 2880.00000, 227.553, -28.4477, 226.725, -148.475, 226.834, 91.4267, 0.0173821, -0.250504, 0.261055, 133.355, 0.214343, 13.3275, 0.261865, -106.764, 0.0475911, 13.9975
16, 2940.00000, 227.307, -28.5594, 226.533, -148.586, 226.636, 91.3223, 0.0166992, -1.15243, 0.261338, 133.244, 0.214525, 13.2172, 0.262093, -106.868, 0.0476369, 13.8423
16, 3000.00000, 227.301, -28.5619, 226.529, -148.588, 226.631, 91.32, 0.0166836, -1.17423, 0.261345, 133.241, 0.214529, 13.2146, 0.262099, -106.871, 0.0476391, 13.8383
16, 3060.00000, 227.48, -28.4528, 226.691, -148.497, 226.846, 91.4114, 0.0148857, 6.29927, 0.213657, 133.35, 0.285835, 13.3066, 0.238048, -106.78, 0.0631348, 173.854
16, 3120.00000, 227.459, -28.4621, 226.675, -148.506, 226.83, 91.4026, 0.0148264, 6.24224, 0.213676, 133.341, 0.285855, 13.2974, 0.238065, -106.788, 0.0631385, 173.847
16, 3180.00000, 227.418, -28.4807, 226.643, -148.525, 226.797, 91.3852, 0.0147082, 6.12728, 0.213714, 133.322, 0.285895, 13.2791, 0.2381, -106.806, 0.0631457, 173.833
16, 3240.00000, 227.37, -28.5028, 226.605, -148.546, 226.758, 91.3646, 0.0145682, 5.98894, 0.21376, 133.3, 0.285943, 13.2573, 0.238141, -106.826, 0.0631539, 173.816
16, 3300.00000, 227.331, -28.5186, 226.576, -148.562, 226.728, 91.35, 0.014453, 5.8757, 0.213796, 133.285, 0.28598, 13.2415, 0.238172, -106.841, 0.0631589, 173.803
16, 3360.00000, 227.229, -28.5321, 226.552, -148.583, 226.845, 91.3549, 0.0072578, 20.6896, 0.23765, 133.272, 0.286019, 13.2221, 0.285661, -106.838, 0.0479296, 133.168
16, 3420.00000, 227.211, -28.5392, 226.538, -148.59, 226.83, 91.3486, 0.00719625, 20.7083, 0.23767, 133.265, 0.286036, 13.2151, 0.285679, -106.845, 0.04793, 133.162
16, 3480.00000, 227.177, -28.5543, 226.512, -148.605, 226.804, 91.3345, 0.00709733, 20.7359, 0.237704, 133.249, 0.286069, 13.2002, 0.285712, -106.859, 0.0479318, 133.15
16, 3540.00000, 227.165, -28.5594, 226.503, -148.61, 226.794, 91.3296, 0.00706276, 20.7459, 0.237718, 133.244, 0.286081, 13.1951, 0.285725, -106.864, 0.047932, 133.145
17, 0.00000, 227.174, -28.5556, 226.509, -148.606, 226.801, 91.3332, 0.00708878, 20.7382, 0.237707, 133.248, 0.286071, 13.1989, 0.285715, -106.86, 0.047932, 133.149
17, 60.00000, 227.231, -28.5602, 226.414, -148.598, 226.529, 91.2973, 0.0133782, 8.41499, 0.237655, 133.243, 0.310034, 13.2058, 0.333734, -106.894, 0.0863105, 119.145
17, 120.00000, 227.189, -28.5792, 226.382, -148.617, 226.495, 91.2796, 0.0132572, 8.30879, 0.237698, 133.224, 0.310079, 13.1871, 0.333784, -106.912, 0.0863193, 119.127
17, 180.00000, 227.183, -28.5819, 226.377, -148.619, 226.49, 91.277, 0.013239, 8.29251, 0.237706, 133.221, 0.310086, 13.1843, 0.333792, -106.915, 0.0863201, 119.124
17, 240.00000, 227.168, -28.5884, 226.366, -148.626, 226.479, 91.2709, 0.0131978, 8.25593, 0.23772, 133.215, 0.310101, 13.1779, 0.333809, -106.921, 0.0863232, 119.118
17, 300.00000, 227.129, -28.6064, 226.335, -148.644, 226.447, 91.2541, 0.0130834, 8.15311, 0.237761, 133.197, 0.310143, 13.1602, 0.333856, -106.937, 0.0863311, 119.101
17, 360.00000, 226.927, -28.6193, 226.295, -148.68, 226.523, 91.2563, 0.0105211, 30.8115, 0.237968, 133.184, 0.238616, 13.1251, 0.357587, -106.936, 0.119506, 73.1525
17, 420.00000, 226.89, -28.636, 226.266, -148.696, 226.494, 91.2408, 0.0104162, 30.9329, 0.238006, 133.167, 0.238646, 13.1086, 0.357634, -106.952, 0.119518, 73.1357
17, 480.00000, 226.886, -28.638, 226.263, -148.698, 226.49, 91.2389, 0.0104027, 30.9488, 0.238011, 133.165, 0.23865, 13.1067, 0.35764, -106.954, 0.119519, 73.1331
17, 540.00000, 226.907, -28.6286, 226.279, -148.689, 226.507, 91.2477, 0.0104624, 30.8791, 0.237989, 133.174, 0.238632, 13.116, 0.357614, -106.945, 0.119512, 73.1429
17, 600.00000, 226.9, -28.6316, 226.274, -148.692, 226.501, 91.2449, 0.0104431, 30.9016, 0.237997, 133.171, 0.238638, 13.1131, 0.357623, -106.948, 0.119514, 73.1396
17, 660.00000, 227.052, -28.6308, 226.24, -148.687, 226.459, 91.234, 0.0122899, 6.73018, 0.214058, 133.173, 0.26254, 13.1166, 0.2623, -106.958, 0.0480677, 132.912
17, 720.00000, 227.016, -28.6467, 226.212, -148.703, 226.431, 91.219, 0.0121889, 6.62145, 0.214091, 133.157, 0.262572, 13.1008, 0.262333, -106.973, 0.0480705, 132.898
17, 780.00000, 227.009, -28.6497, 226.207, -148.706, 226.425, 91.2162, 0.0121689, 6.59969, 0.214098, 133.154, 0.262579, 13.0979, 0.26234, -106.976, 0.0480708, 132.896
17, 840.00000, 226.989, -28.6589, 226.191, -148.715, 226.409, 91.2076, 0.0121113, 6.53661, 0.214116, 133.144, 0.262597, 13.0887, 0.262359, -106.984, 0.0480725, 132.888
17, 900.00000, 226.95, -28.6768, 226.16, -148.733, 226.377, 91.1909, 0.0119979, 6.41091, 0.214153, 133.127, 0.262633, 13.071, 0.262396, -107.001, 0.0480755, 132.872
17, 960.00000, 226.832, -28.6942, 226.158, -148.75, 226.425, 91.1781, 0.0145007, -16.9285, 0.404731, 133.11, 0.334265, 13.052, 0.286181, -107.013, 0.103304, -70.3731
17, 1020.00000, 226.819, -28.7, 226.148, -148.756, 226.415, 91.1728, 0.01447, -17.0199, 0.404755, 133.104, 0.33428, 13.0462, 0.286195, -107.019, 0.103313, -70.3797
17, 1080.00000, 226.82, -28.6996, 226.149, -148.756, 226.416, 91.1731, 0.0144726, -17.0121, 0.404752, 133.105, 0.334279, 13.0467, 0.286194, -107.018, 0.103311, -70.378
17, 1140.00000, 226.797, -28.7098, 226.131, -148.766, 226.397, 91.1636, 0.0144191, -17.1734, 0.404792, 133.095, 0.334305, 13.0367, 0.286217, -107.028, 0.103325, -70.3873
17, 1200.00000, 226.76, -28.7268, 226.102, -148.782, 226.367, 91.1478, 0.0143306, -17.4429, 0.404859, 133.078, 0.334348, 13.02, 0.286255, -107.044, 0.103349, -70.4029
17, 1260.00000, 226.779, -28.7436, 226.251, -148.748, 226.22, 91.1583, 0.0149414, -28.8676, 0.3572, 133.061, 0.334131, 13.0537, 0.262567, -107.033, 0.0855263, -93.1459
17, 1320.00000, 226.744, -28.7592, 226.224, -148.763, 226.193, 91.1438, 0.0148742, -29.1661, 0.357254, 133.046, 0.334171, 13.0385, 0.262599, -107.048, 0.0855431, -93.1578
17, 1380.00000, 226.727, -28.7667, 226.211, -148.771, 226.179, 91.1368, 0.0148416, -29.3124, 0.357281, 133.038, 0.33419, 13.031, 0.262615, -107.055, 0.0855518, -93.164
17, 1440.00000, 226.672, -28.7913, 226.169, -148.795, 226.135, 91.1138, 0.0147361, -29.7926, 0.357367, 133.014, 0.334253, 13.0068, 0.262666, -107.078, 0.0855793, -93.183
17, 1500.00000, 226.638, -28.8068, 226.142, -148.81, 226.108, 91.0993, 0.0146701, -30.0984, 0.357421, 132.999, 0.334293, 12.9916, 0.262698, -107.092, 0.085597, -93.1954
17, 1560.00000, 226.455, -28.8122, 226.055, -148.87, 226.276, 91.0951, 0.017064, 5.15451, 0.357709, 132.991, 0.33441, 12.9336, 0.381838, -107.095, 0.0415268, 43.2746
17, 1620.00000, 226.421, -28.8273, 226.029, -148.885, 226.249, 91.081, 0.0169703, 5.06762, 0.357763, 132.976, 0.334449, 12.9187, 0.381883, -107.11, 0.0415292, 43.2507
17, 1680.00000, 226.427, -28.8248, 226.033, -148.882, 226.253, 91.0834, 0.0169857, 5.08191, 0.357754, 132.978, 0.334442, 12.9211, 0.381875, -107.107, 0.0415289, 43.2547
17, 1740.00000, 226.411, -28.8318, 226.021, -148.889, 226.24, 91.0768, 0.0169417, 5.04087, 0.357779, 132.971, 0.33446, 12.9141, 0.381897, -107.114, 0.0415296, 43.2433
17, 1800.00000, 226.388, -28.8422, 226.002, -148.899, 226.222, 91.0671, 0.0168771, 4.98051, 0.357816, 132.961, 0.334487, 12.9038, 0.381928, -107.124, 0.0415311, 43.227
17, 1860.00000, 226.493, -28.8679, 225.994, -148.897, 226.026, 91.0383, 0.0087622, 18.4746, 0.333794, 132.936, 0.286722, 12.908, 0.286696, -107.154, 0.047356, -46.7357
17, 1920.00000, 226.478, -28.8748, 225.982, -148.903, 226.014, 91.0319, 0.00871817, 18.4743, 0.333816, 132.929, 0.286737, 12.9013, 0.286712, -107.161, 0.0473616, -46.7437
17, 1980.00000, 226.392, -28.9134, 225.915, -148.942, 225.944, 90.9958, 0.00846918, 18.4722, 0.333943, 132.89, 0.286823, 12.8631, 0.2868, -107.197, 0.0473929, -46.789
17, 2040.00000, 226.38, -28.9186, 225.906, -148.947, 225.934, 90.991, 0.00843537, 18.4727, 0.333961, 132.885, 0.286835, 12.858, 0.286812, -107.202, 0.0473975, -46.7967
17, 2100.00000, 226.368, -28.9237, 225.897, -148.952, 225.925, 90.9862, 0.00840285, 18.4726, 0.333978, 132.88, 0.286846, 12.853, 0.286824, -107.207, 0.0474017, -46.8025
17, 2160.00000, 226.356, -28.9286, 225.905, -148.95, 225.898, 90.9782, 0.00812122, 7.31375, 0.310141, 132.875, 0.31074, 12.8539, 0.286856, -107.215, 0.0234849, -107.434
17, 2220.00000, 226.324, -28.9429, 225.88, -148.964, 225.873, 90.965, 0.00803136, 7.18561, 0.310184, 132.861, 0.310774, 12.8399, 0.286888, -107.228, 0.0234915, -107.439
17, 2280.00000, 226.278, -28.9633, 225.845, -148.985, 225.836, 90.9459, 0.0079022, 6.99711, 0.310247, 132.841, 0.310824, 12.8197, 0.286935, -107.247, 0.0235015, -107.445
17, 2340.00000, 226.24, -28.98, 225.815, -149.001, 225.806, 90.9302, 0.0077964, 6.83847, 0.310298, 132.824, 0.310864, 12.8031, 0.286974, -107.263, 0.0235099, -107.45
17, 2400.00000, 226.232, -28.9836, 225.809, -149.005, 225.799, 90.9269, 0.00777328, 6.80365, 0.310309, 132.82, 0.310872, 12.7996, 0.286982, -107.266, 0.0235125, -107.452
17, 2460.00000, 226.184, -28.9946, 225.789, -149.022, 225.832, 90.9307, 0.0159512, -16.2067, 0.23876, 132.81, 0.23915, 12.7805, 0.263021, -107.26, 0.0241714, 72.9918
17, 2520.00000, 226.16, -29.0057, 225.77, -149.033, 225.813, 90.9204, 0.0158938, -16.3598, 0.238786, 132.799, 0.23917, 12.7696, 0.263045, -107.271, 0.0241711, 72.9776
17, 2580.00000, 226.121, -29.0227, 225.74, -149.049, 225.782, 90.9046, 0.0158052, -16.598, 0.238826, 132.782, 0.239202, 12.7528, 0.26308, -107.287, 0.0241702, 72.9542
17, 2640.00000, 226.114, -29.0259, 225.735, -149.053, 225.776, 90.9016, 0.0157882, -16.6444, 0.238834, 132.778, 0.239208, 12.7498, 0.263087, -107.289, 0.0241694, 72.9494
17, 2700.00000, 226.083, -29.0396, 225.711, -149.066, 225.752, 90.8888, 0.0157173, -16.8378, 0.238866, 132.765, 0.239233, 12.7361, 0.263116, -107.302, 0.0241691, 72.9309
17, 2760.00000, 226.245, -29.0479, 225.612, -149.061, 225.581, 90.8411, 0.0128122, -22.526, 0.262561, 132.757, 0.359011, 12.742, 0.239377, -107.351, 0.109534, -156.611
17, 2820.00000, 226.24, -29.0505, 225.607, -149.063, 225.576, 90.8387, 0.0127996, -22.5762, 0.262568, 132.754, 0.359019, 12.7394, 0.239382, -107.353, 0.109536, -156.613
17, 2880.00000, 226.202, -29.0674, 225.578, -149.08, 225.545, 90.8229, 0.0127189, -22.9056, 0.262612, 132.737, 0.359067, 12.7228, 0.239415, -107.369, 0.10955, -156.626
17, 2940.00000, 226.167, -29.083, 225.55, -149.095, 225.517, 90.8083, 0.0126443, -23.2145, 0.262653, 132.722, 0.35911, 12.7074, 0.239445, -107.384, 0.109563, -156.638
17, 3000.00000, 226.202, -29.0673, 225.578, -149.08, 225.545, 90.8229, 0.0127188, -22.9059, 0.262612, 132.737, 0.359066, 12.7228, 0.239414, -107.369, 0.10955, -156.626
17, 3060.00000, 225.921, -29.0858, 225.566, -149.119, 225.72, 90.8384, 0.00739188, 15.583, 0.262931, 132.718, 0.311207, 12.6861, 0.358854, -107.355, 0.0830177, 102.664
17, 3120.00000, 225.887, -29.1006, 225.54, -149.133, 225.694, 90.8247, 0.00729799, 15.5481, 0.262969, 132.703, 0.311244, 12.6716, 0.358897, -107.368, 0.0830231, 102.65
17, 3180.00000, 225.887, -29.1009, 225.539, -149.133, 225.693, 90.8245, 0.00729635, 15.5475, 0.26297, 132.703, 0.311244, 12.6713, 0.358897, -107.369, 0.0830232, 102.65
17, 3240.00000, 225.917, -29.0875, 225.563, -149.12, 225.717, 90.8369, 0.00738122, 15.5795, 0.262935, 132.716, 0.311212, 12.6844, 0.358859, -107.356, 0.0830187, 102.663
17, 3300.00000, 225.903, -29.0938, 225.552, -149.126, 225.706, 90.8311, 0.00734097, 15.565, 0.262951, 132.71, 0.311227, 12.6782, 0.358877, -107.362, 0.0830203, 102.656
17, 3360.00000, 225.992, -29.1069, 225.532, -149.131, 225.58, 90.8014, 0.00749563, -3.38779, 0.262849, 132.697, 0.359141, 12.673, 0.263321, -107.392, 0.0957031, -167.516
17, 3420.00000, 225.953, -29.1241, 225.502, -149.148, 225.549, 90.7853, 0.00739361, -3.70555, 0.262894, 132.68, 0.35919, 12.6561, 0.263358, -107.408, 0.0957141, -167.529
17, 3480.00000, 225.935, -29.132, 225.488, -149.156, 225.534, 90.7779, 0.00734669, -3.8544, 0.262915, 132.672, 0.359212, 12.6483, 0.263374, -107.415, 0.0957195, -167.536
17, 3540.00000, 225.911, -29.1429, 225.469, -149.167, 225.514, 90.7677, 0.00728207, -4.06267, 0.262943, 132.661, 0.359242, 12.6375, 0.263397, -107.425, 0.0957271, -167.544
18, 0.00000, 225.892, -29.1513, 225.454, -149.175, 225.499, 90.7598, 0.00723227, -4.22575, 0.262966, 132.653, 0.359266, 12.6292, 0.263415, -107.433, 0.0957329, -167.551
18, 60.00000, 225.705, -29.1627, 225.47, -149.186, 225.474, 90.763, 0.0119915, -41.4108, 0.334968, 132.643, 0.311344, 12.6166, 0.287384, -107.43, 0.0412472, -77.1517
18, 120.00000, 225.681, -29.1736, 225.451, -149.196, 225.454, 90.7528, 0.0119567, -41.7075, 0.335004, 132.632, 0.311371, 12.6059, 0.287409, -107.44, 0.0412564, -77.1608
18, 180.00000, 225.638, -29.1926, 225.418, -149.215, 225.42, 90.7351, 0.0118966, -42.2288, 0.335068, 132.613, 0.311417, 12.5872, 0.287453, -107.458, 0.0412719, -77.1767
18, 240.00000, 225.629, -29.1965, 225.411, -149.219, 225.413, 90.7314, 0.0118841, -42.3386, 0.335081, 132.609, 0.311426, 12.5833, 0.287462, -107.461, 0.0412752, -77.1795
18, 300.00000, 225.597, -29.2107, 225.386, -149.233, 225.387, 90.7182, 0.0118401, -42.7305, 0.335129, 132.595, 0.311461, 12.5693, 0.287495, -107.475, 0.0412866, -77.1916
18, 360.00000, 225.725, -29.2212, 225.284, -149.235, 225.242, 90.6863, 0.00668751, -1.72195, 0.263159, 132.583, 0.263661, 12.569, 0.311664, -107.507, 0.04831, 72.5559
18, 420.00000, 225.702, -29.231, 225.267, -149.245, 225.224, 90.6771, 0.00662887, -1.90658, 0.263185, 132.573, 0.263681, 12.5593, 0.311689, -107.516, 0.0483118, 72.5437
18, 480.00000, 225.662, -29.2489, 225.236, -149.263, 225.191, 90.6604, 0.00652198, -2.25028, 0.263233, 132.555, 0.263718, 12.5416, 0.311735, -107.533, 0.048314, 72.5223
18, 540.00000, 225.628, -29.264, 225.209, -149.277, 225.164, 90.6463, 0.00643185, -2.54913, 0.263272, 132.54, 0.263749, 12.5267, 0.311773, -107.547, 0.0483159, 72.504
18, 600.00000, 225.592, -29.2798, 225.181, -149.293, 225.135, 90.6315, 0.00633781, -2.87011, 0.263314, 132.525, 0.263782, 12.5111, 0.311813, -107.562, 0.0483179, 72.485
18, 660.00000, 225.402, -29.2903, 225.203, -149.324, 225.29, 90.6533, 0.00891213, -28.4428, 0.287498, 132.515, 0.311712, 12.4794, 0.215718, -107.54, 0.0862801, -121.477
18, 720.00000, 225.376, -29.3018, 225.183, -149.335, 225.269, 90.6427, 0.00886208, -28.7896, 0.287531, 132.503, 0.31174, 12.4681, 0.215738, -107.55, 0.0862911, -121.486
18, 780.00000, 225.347, -29.3146, 225.16, -149.348, 225.246, 90.6307, 0.00880634, -29.1837, 0.287568, 132.49, 0.311772, 12.4555, 0.21576, -107.562, 0.086303, -121.496
18, 840.00000, 225.351, -29.3129, 225.163, -149.346, 225.249, 90.6324, 0.00881387, -29.1301, 0.287563, 132.492, 0.311768, 12.4572, 0.215757, -107.561, 0.0863013, -121.494
18, 900.00000, 225.325, -29.3247, 225.143, -149.358, 225.227, 90.6214, 0.00876298, -29.4956, 0.287597, 132.48, 0.311797, 12.4456, 0.215778, -107.572, 0.0863123, -121.503
18, 960.00000, 225.274, -29.3447, 225.187, -149.364, 225.179, 90.6152, 0.00902712, -19.1016, 0.239717, 132.46, 0.287753, 12.439, 0.311748, -107.577, 0.0634983, 113.21
18, 1020.00000, 225.23, -29.3645, 225.152, -149.384, 225.143, 90.5968, 0.00892767, -19.5965, 0.239765, 132.44, 0.287798, 12.4195, 0.311798, -107.596, 0.0635027, 113.192
18, 1080.00000, 225.223, -29.3673, 225.147, -149.387, 225.138, 90.5942, 0.00891339, -19.6689, 0.239771, 132.438, 0.287804, 12.4167, 0.311805, -107.599, 0.0635033, 113.188
18, 1140.00000, 225.214, -29.3714, 225.14, -149.391, 225.13, 90.5904, 0.00889275, -19.7738, 0.239781, 132.434, 0.287813, 12.4127, 0.311815, -107.602, 0.0635043, 113.184
18, 1200.00000, 225.203, -29.3763, 225.131, -149.395, 225.121, 90.5859, 0.0088684, -19.8985, 0.239793, 132.429, 0.287824, 12.4079, 0.311827, -107.607, 0.0635054, 113.18
18, 1260.00000, 225.263, -29.3617, 224.81, -149.432, 225.351, 90.5523, 0.00799625, -67.0919, 0.239726, 132.445, 0.360307, 12.3714, 0.167733, -107.642, 0.168206, -145.922
18, 1320.00000, 225.259, -29.3636, 224.806, -149.434, 225.347, 90.5505, 0.00799515, -67.1793, 0.239731, 132.443, 0.360312, 12.3696, 0.167735, -107.643, 0.168209, -145.923
18, 1380.00000, 225.22, -29.3804, 224.776, -149.45, 225.317, 90.5349, 0.00798626, -67.9568, 0.239772, 132.426, 0.360361, 12.353, 0.167758, -107.659, 0.168233, -145.937
18, 1440.00000, 225.193, -29.3925, 224.755, -149.462, 225.295, 90.5236, 0.00798071, -68.5159, 0.239801, 132.414, 0.360395, 12.3411, 0.167775, -107.671, 0.16825, -145.947
18, 1500.00000, 225.176, -29.3998, 224.741, -149.469, 225.282, 90.5168, 0.00797758, -68.8603, 0.239818, 132.407, 0.360415, 12.3337, 0.167783, -107.677, 0.168259, -145.954
18, 1560.00000, 225.026, -29.4238, 224.823, -149.493, 225.083, 90.5043, 0.00595464, -13.3444, 0.359967, 132.381, 0.408314, 12.3116, 0.335873, -107.689, 0.0634669, -148.701
18, 1620.00000, 224.974, -29.4467, 224.782, -149.515, 225.042, 90.4829, 0.00583082, -14.0866, 0.360051, 132.358, 0.408389, 12.2889, 0.335936, -107.711, 0.0634801, -148.713
18, 1680.00000, 224.939, -29.4624, 224.754, -149.531, 225.013, 90.4683, 0.00574702, -14.6092, 0.360108, 132.342, 0.40844, 12.2734, 0.335979, -107.725, 0.0634893, -148.722
18, 1740.00000, 224.915, -29.4726, 224.736, -149.541, 224.994, 90.4587, 0.00569213, -14.9612, 0.360145, 132.332, 0.408473, 12.2633, 0.336007, -107.735, 0.0634953, -148.728
18, 1800.00000, 224.919, -29.4711, 224.738, -149.539, 224.997, 90.4602, 0.00570044, -14.9075, 0.360139, 132.334, 0.408468, 12.2648, 0.336002, -107.733, 0.0634943, -148.727
18, 1860.00000, 224.93, -29.5082, 224.714, -149.543, 224.806, 90.4412, 0.00663102, -6.96555, 0.216073, 132.296, 0.26433, 12.261, 0.336289, -107.752, 0.104831, 95.67
18, 1920.00000, 224.894, -29.524, 224.686, -149.559, 224.777, 90.4265, 0.00654115, -7.33276, 0.216108, 132.28, 0.264364, 12.2454, 0.336332, -107.767, 0.104841, 95.6551
18, 1980.00000, 224.885, -29.5277, 224.679, -149.562, 224.77, 90.4231, 0.0065198, -7.42152, 0.216115, 132.277, 0.26437, 12.2417, 0.336342, -107.77, 0.104843, 95.6506
18, 2040.00000, 224.85, -29.5435, 224.651, -149.578, 224.741, 90.4083, 0.00643011, -7.80178, 0.216151, 132.261, 0.264405, 12.226, 0.336386, -107.785, 0.104853, 95.6362
18, 2100.00000, 224.812, -29.5601, 224.621, -149.594, 224.711, 90.3928, 0.00633611, -8.2121, 0.216187, 132.244, 0.26444, 12.2096, 0.336432, -107.8, 0.104863, 95.6202
18, 2160.00000, 224.741, -29.5764, 224.712, -149.6, 224.685, 90.3822, 0.00913494, -44.2699, 0.312371, 132.229, 0.288366, 12.2032, 0.24033, -107.811, 0.0634625, -88.5496
18, 2220.00000, 224.71, -29.5901, 224.688, -149.613, 224.66, 90.3695, 0.00909487, -44.7559, 0.312415, 132.216, 0.288398, 12.1898, 0.240357, -107.824, 0.0634763, -88.5607
18, 2280.00000, 224.688, -29.5999, 224.67, -149.623, 224.642, 90.3603, 0.00906629, -45.1099, 0.312447, 132.206, 0.28842, 12.18, 0.240376, -107.833, 0.0634856, -88.5688
18, 2340.00000, 224.663, -29.6109, 224.65, -149.634, 224.622, 90.3501, 0.00903504, -45.5045, 0.312481, 132.195, 0.288446, 12.1692, 0.240398, -107.843, 0.063496, -88.5776
18, 2400.00000, 224.622, -29.6288, 224.618, -149.651, 224.589, 90.3334, 0.00898468, -46.1573, 0.312539, 132.177, 0.288488, 12.1515, 0.240433, -107.86, 0.0635131, -88.5923
18, 2460.00000, 224.826, -29.6322, 224.493, -149.651, 224.526, 90.2974, 0.0109559, -42.2304, 0.288237, 132.174, 0.240538, 12.152, 0.240498, -107.895, 0.0478915, -47.6405
18, 2520.00000, 224.825, -29.6325, 224.493, -149.651, 224.526, 90.2971, 0.0109549, -42.2394, 0.288237, 132.173, 0.240539, 12.1516, 0.240499, -107.896, 0.0478908, -47.6409
18, 2580.00000, 224.768, -29.6578, 224.447, -149.676, 224.479, 90.2735, 0.0108768, -42.9768, 0.288313, 132.148, 0.240589, 12.1266, 0.24055, -107.919, 0.0479106, -47.6707
18, 2640.00000, 224.72, -29.6785, 224.41, -149.696, 224.441, 90.2543, 0.0108144, -43.5866, 0.288373, 132.127, 0.240629, 12.1062, 0.24059, -107.939, 0.0479266, -47.6945
18, 2700.00000, 224.737, -29.6714, 224.423, -149.689, 224.454, 90.2609, 0.0108358, -43.3762, 0.288353, 132.134, 0.240616, 12.1131, 0.240577, -107.932, 0.0479207, -47.6861
18, 2760.00000, 224.521, -29.687, 224.345, -149.74, 224.529, 90.253, 0.00373563, -2.49783, 0.288618, 132.118, 0.312907, 12.0641, 0.288604, -107.941, 0.0240403, -168.199
18, 2820.00000, 224.575, -29.6633, 224.388, -149.717, 224.572, 90.2751, 0.00387508, -1.7633, 0.288548, 132.141, 0.312845, 12.0875, 0.288548, -107.919, 0.0240356, -168.198
18, 2880.00000, 224.534, -29.6813, 224.355, -149.735, 224.539, 90.2583, 0.00376906, -2.31738, 0.288602, 132.123, 0.312893, 12.0697, 0.288592, -107.936, 0.0240391, -168.198
18, 2940.00000, 224.504, -29.6947, 224.331, -149.748, 224.514, 90.2458, 0.00369002, -2.7516, 0.288642, 132.11, 0.312927, 12.0564, 0.288623, -107.948, 0.0240411, -168.199
18, 3000.00000, 224.505, -29.6939, 224.332, -149.747, 224.516, 90.2465, 0.00369471, -2.72539, 0.288639, 132.111, 0.312924, 12.0572, 0.288621, -107.947, 0.0240408, -168.2
18, 3060.00000, 224.503, -29.7127, 224.378, -149.722, 224.377, 90.2436, 0.00392735, -59.3401, 0.240535, 132.093, 0.312865, 12.0822, 0.336928, -107.951, 0.0867687, 118.089
18, 3120.00000, 224.485, -29.7204, 224.364, -149.729, 224.363, 90.2365, 0.00391618, -60.0241, 0.240552, 132.086, 0.312882, 12.0747, 0.336947, -107.958, 0.0867715, 118.081
18, 3180.00000, 224.441, -29.7397, 224.329, -149.748, 224.327, 90.2185, 0.00389098, -61.7658, 0.240602, 132.066, 0.312934, 12.0557, 0.337003, -107.976, 0.08678, 118.065
18, 3240.00000, 224.425, -29.7468, 224.316, -149.755, 224.314, 90.2119, 0.00388242, -62.4133, 0.240617, 132.059, 0.312949, 12.0486, 0.33702, -107.983, 0.0867831, 118.057
18, 3300.00000, 224.411, -29.7527, 224.306, -149.761, 224.303, 90.2064, 0.00387581, -62.9522, 0.240631, 132.053, 0.312964, 12.0428, 0.337037, -107.988, 0.0867858, 118.052
18, 3360.00000, 224.457, -29.7321, 224.149, -149.787, 224.535, 90.2054, 0.0021963, -131.982, 0.288696, 132.074, 0.385461, 12.0178, 0.288594, -107.99, 0.0965393, -168.002
18, 3420.00000, 224.475, -29.7245, 224.163, -149.78, 224.549, 90.2125, 0.00215589, -131.311, 0.288675, 132.081, 0.385441, 12.0255, 0.288579, -107.983, 0.0965355, -167.996
18, 3480.00000, 224.466, -29.7282, 224.156, -149.783, 224.542, 90.2091, 0.00217538, -131.643, 0.288683, 132.078, 0.385448, 12.0216, 0.288585, -107.986, 0.0965366, -168
18, 3540.00000, 224.448, -29.7361, 224.141, -149.791, 224.527, 90.2017, 0.00221772, -132.33, 0.288705, 132.07, 0.385472, 12.0137, 0.288602, -107.994, 0.0965421, -168.006
19, 0.00000, 224.418, -29.7493, 224.118, -149.804, 224.503, 90.1895, 0.00228831, -133.402, 0.288747, 132.056, 0.385516, 12.001, 0.288635, -108.006, 0.0965539, -168.015
19, 60.00000, 224.535, -29.6194, 224.458, -149.635, 224.465, 90.3416, 0.0131457, -53.6, 0.336715, 132.187, 0.360868, 12.167, 0.264617, -107.851, 0.0866004, -121.713
19, 120.00000, 224.521, -29.6253, 224.447, -149.641, 224.454, 90.3361, 0.013134, -53.7589, 0.336734, 132.181, 0.360883, 12.1611, 0.264629, -107.857, 0.0866051, -121.716
19, 180.00000, 224.505, -29.6322, 224.435, -149.648, 224.441, 90.3296, 0.0131203, -53.9469, 0.336757, 132.174, 0.360903, 12.1542, 0.264644, -107.863, 0.0866119, -121.721
19, 240.00000, 224.481, -29.6427, 224.416, -149.658, 224.422, 90.3198, 0.0131, -54.2293, 0.336793, 132.164, 0.360933, 12.1438, 0.264666, -107.873, 0.0866219, -121.729
19, 300.00000, 224.464, -29.6503, 224.402, -149.665, 224.408, 90.3128, 0.0130857, -54.4331, 0.336819, 132.156, 0.360955, 12.1364, 0.264683, -107.88, 0.0866295, -121.734
19, 360.00000, 224.503, -29.6333, 224.3, -149.67, 224.472, 90.3072, 0.00172301, -56.1403, 0.312692, 132.172, 0.385198, 12.1347, 0.360844, -107.887, 0.0637055, 151.208
19, 420.00000, 224.479, -29.6438, 224.281, -149.68, 224.453, 90.2974, 0.0017046, -58.2752, 0.312724, 132.162, 0.385228, 12.1243, 0.360873, -107.897, 0.0637067, 151.2
19, 480.00000, 224.455, -29.6543, 224.262, -149.691, 224.433, 90.2876, 0.00168858, -60.4629, 0.312757, 132.151, 0.385261, 12.1138, 0.360904, -107.907, 0.0637093, 151.192
19, 540.00000, 224.419, -29.67, 224.234, -149.706, 224.405, 90.273, 0.00166954, -63.7673, 0.31281, 132.135, 0.385313, 12.0985, 0.360953, -107.922, 0.0637143, 151.182
19, 600.00000, 224.363, -29.6945, 224.19, -149.73, 224.359, 90.2501, 0.00165091, -69.0728, 0.312888, 132.111, 0.385389, 12.0743, 0.361026, -107.945, 0.0637202, 151.164
19, 660.00000, 224.426, -29.7062, 224.119, -149.746, 224.388, 90.2212, 0.00392081, -120.824, 0.384982, 132.1, 0.385515, 12.0584, 0.312846, -107.974, 0.0721607, -108.056
19, 720.00000, 224.435, -29.702, 224.127, -149.742, 224.396, 90.2251, 0.00390154, -120.558, 0.384967, 132.104, 0.385503, 12.0625, 0.312836, -107.97, 0.0721565, -108.053
19, 780.00000, 224.407, -29.7145, 224.104, -149.754, 224.373, 90.2135, 0.00395957, -121.348, 0.385012, 132.092, 0.385537, 12.0501, 0.312865, -107.982, 0.0721688, -108.061
19, 840.00000, 224.38, -29.7261, 224.083, -149.766, 224.351, 90.2027, 0.00401392, -122.055, 0.385058, 132.08, 0.385573, 12.0387, 0.312895, -107.993, 0.0721807, -108.069
19, 900.00000, 224.35, -29.7391, 224.06, -149.779, 224.327, 90.1905, 0.00407571, -122.828, 0.385108, 132.067, 0.385614, 12.0258, 0.312928, -108.005, 0.072194, -108.078
19, 960.00000, 224.16, -29.7605, 224.28, -149.78, 224.253, 90.236, 0.00202061, -86.9438, 0.19272, 132.045, 0.288925, 12.0245, 0.337117, -107.959, 0.127422, 112.895
19, 1020.00000, 224.105, -29.7847, 224.236, -149.804, 224.208, 90.2136, 0.00206143, -91.0596, 0.192768, 132.021, 0.288983, 12.0007, 0.337184, -107.981, 0.127443, 112.874
19, 1080.00000, 224.092, -29.7905, 224.226, -149.81, 224.197, 90.2082, 0.00207267, -92.0206, 0.192778, 132.015, 0.288994, 11.9951, 0.337198, -107.987, 0.127448, 112.868
19, 1140.00000, 224.101, -29.7865, 224.233, -149.806, 224.205, 90.2119, 0.00206498, -91.365, 0.192772, 132.019, 0.288988, 11.9988, 0.33719, -107.983, 0.127445, 112.872
19, 1200.00000, 224.084, -29.7936, 224.22, -149.813, 224.191, 90.2053, 0.0020791, -92.5427, 0.192784, 132.012, 0.289001, 11.9919, 0.337207, -107.99, 0.12745, 112.865
19, 1260.00000, 224.145, -29.8088, 224.083, -149.82, 224.138, 90.1668, 0.00771488, -43.2718, 0.337295, 131.997, 0.265077, 11.9831, 0.289101, -108.027, 0.063774, -28.8767
19, 1320.00000, 224.117, -29.8209, 224.061, -149.832, 224.116, 90.1556, 0.00767793, -43.7682, 0.337332, 131.985, 0.265101, 11.9713, 0.289127, -108.038, 0.0637829, -28.8924
19, 1380.00000, 224.108, -29.8247, 224.054, -149.836, 224.109, 90.1521, 0.00766685, -43.9218, 0.337347, 131.981, 0.265111, 11.9675, 0.289137, -108.041, 0.0637858, -28.8971
19, 1440.00000, 224.083, -29.8355, 224.034, -149.846, 224.089, 90.142, 0.00763453, -44.3721, 0.337382, 131.97, 0.265132, 11.9569, 0.289162, -108.052, 0.0637958, -28.9112
19, 1500.00000, 224.059, -29.8461, 224.015, -149.857, 224.069, 90.1322, 0.0076036, -44.8139, 0.337419, 131.96, 0.265155, 11.9465, 0.289187, -108.061, 0.0638052, -28.9247
19, 1560.00000, 223.954, -29.8415, 223.885, -149.889, 224.173, 90.1224, 0.00329577, -25.1371, 0.313461, 131.964, 0.33767, 11.9156, 0.385415, -108.072, 0.0636148, 91.1143
19, 1620.00000, 223.949, -29.8437, 223.881, -149.891, 224.168, 90.1203, 0.0032853, -25.3021, 0.313468, 131.961, 0.337676, 11.9134, 0.385421, -108.074, 0.0636146, 91.1117
19, 1680.00000, 223.921, -29.8557, 223.859, -149.903, 224.146, 90.1092, 0.00323052, -26.1905, 0.313504, 131.949, 0.337705, 11.9016, 0.385457, -108.085, 0.0636159, 91.0983
19, 1740.00000, 223.892, -29.8684, 223.836, -149.915, 224.123, 90.0973, 0.00317286, -27.1749, 0.313544, 131.937, 0.33774, 11.889, 0.385497, -108.097, 0.0636174, 91.0852
19, 1800.00000, 223.854, -29.8851, 223.806, -149.932, 224.092, 90.0818, 0.00309939, -28.5105, 0.313603, 131.92, 0.337791, 11.8726, 0.385554, -108.112, 0.0636191, 91.07
19, 1860.00000, 223.823, -29.9216, 224.066, -149.914, 223.91, 90.0985, 0.00773876, -67.6122, 0.38603, 131.885, 0.361503, 11.8887, 0.313508, -108.096, 0.0638821, -88.7842
19, 1920.00000, 223.805, -29.9295, 224.051, -149.922, 223.896, 90.0912, 0.00773435, -67.98, 0.386059, 131.877, 0.361523, 11.8809, 0.313526, -108.103, 0.0638895, -88.7903
19, 1980.00000, 223.779, -29.9404, 224.032, -149.933, 223.876, 90.081, 0.00772882, -68.4902, 0.386101, 131.866, 0.361554, 11.8701, 0.313554, -108.113, 0.063901, -88.7992
19, 2040.00000, 223.762, -29.9481, 224.018, -149.941, 223.861, 90.0739, 0.00772538, -68.848, 0.386133, 131.858, 0.361578, 11.8626, 0.313575, -108.12, 0.0639095, -88.8055
19, 2100.00000, 223.748, -29.9538, 224.007, -149.946, 223.851, 90.0686, 0.007723, -69.115, 0.386156, 131.852, 0.361595, 11.8569, 0.31359, -108.126, 0.0639158, -88.8102
19, 2160.00000, 223.668, -29.9331, 223.933, -149.959, 224.091, 90.0576, 0.00409167, 29.5285, 0.265574, 131.871, 0.337595, 11.8465, 0.409658, -108.136, 0.124898, 101.84
19, 2220.00000, 223.65, -29.941, 223.919, -149.966, 224.077, 90.0502, 0.00404398, 29.6798, 0.265593, 131.863, 0.337613, 11.8387, 0.409682, -108.144, 0.124903, 101.831
19, 2280.00000, 223.631, -29.9491, 223.904, -149.974, 224.062, 90.0426, 0.00399554, 29.837, 0.265616, 131.855, 0.337635, 11.8308, 0.409709, -108.151, 0.124909, 101.824
19, 2340.00000, 223.616, -29.9555, 223.893, -149.981, 224.05, 90.0367, 0.00395728, 29.9639, 0.265634, 131.849, 0.337653, 11.8245, 0.409731, -108.157, 0.124913, 101.818
19, 2400.00000, 223.6, -29.9625, 223.88, -149.987, 224.037, 90.0302, 0.00391558, 30.1056, 0.265653, 131.842, 0.337672, 11.8177, 0.409755, -108.164, 0.124918, 101.811
19, 2460.00000, 223.797, -29.9728, 223.695, -149.985, 223.785, 90.0064, 0.00601973, -80.4643, 0.289554, 131.834, 0.289682, 11.819, 0.265427, -108.188, 0.0241274, -108.28
19, 2520.00000, 223.77, -29.9846, 223.673, -149.996, 223.763, 89.9955, 0.00602902, -81.1611, 0.289584, 131.822, 0.289707, 11.8075, 0.265449, -108.199, 0.0241335, -108.286
19, 2580.00000, 223.743, -29.9961, 223.652, -150.008, 223.741, 89.9848, 0.0060392, -81.8416, 0.289619, 131.81, 0.289734, 11.7961, 0.265475, -108.21, 0.0241398, -108.291
19, 2640.00000, 223.712, -30.0094, 223.627, -150.021, 223.717, 89.9724, 0.00605193, -82.6235, 0.289658, 131.797, 0.289765, 11.783, 0.265503, -108.222, 0.0241468, -108.296
19, 2700.00000, 223.697, -30.0161, 223.615, -150.027, 223.704, 89.9662, 0.00605885, -83.0148, 0.28968, 131.79, 0.289784, 11.7763, 0.26552, -108.229, 0.0241509, -108.3
19, 2760.00000, 223.656, -30.0414, 223.819, -150.02, 223.645, 89.9653, 0.00752582, -73.16, 0.313884, 131.765, 0.410156, 11.7831, 0.338024, -108.229, 0.0867608, 177.897
19, 2820.00000, 223.652, -30.043, 223.816, -150.022, 223.642, 89.9638, 0.00752581, -73.2363, 0.313888, 131.763, 0.41016, 11.7815, 0.338028, -108.231, 0.0867622, 177.896
19, 2880.00000, 223.626, -30.0542, 223.795, -150.033, 223.621, 89.9534, 0.00752632, -73.7717, 0.31392, 131.752, 0.410194, 11.7704, 0.338057, -108.241, 0.0867679, 177.887
19, 2940.00000, 223.595, -30.0677, 223.771, -150.046, 223.596, 89.9408, 0.00752792, -74.4122, 0.313963, 131.739, 0.410238, 11.7571, 0.338094, -108.254, 0.0867757, 177.878
19, 3000.00000, 223.58, -30.0743, 223.759, -150.053, 223.584, 89.9347, 0.00752916, -74.7228, 0.313987, 131.732, 0.410263, 11.7507, 0.338114, -108.26, 0.0867804, 177.874
19, 3060.00000, 223.522, -30.0649, 223.711, -150.057, 223.669, 89.9469, 0.00439759, -99.6823, 0.289906, 131.741, 0.33794, 11.7472, 0.337992, -108.248, 0.0480837, 131.746
19, 3120.00000, 223.505, -30.072, 223.698, -150.064, 223.656, 89.9403, 0.00441698, -100.196, 0.289925, 131.734, 0.337956, 11.7403, 0.33801, -108.255, 0.0480834, 131.738
19, 3180.00000, 223.486, -30.0803, 223.683, -150.072, 223.64, 89.9326, 0.00444025, -100.793, 0.289949, 131.726, 0.337979, 11.7321, 0.338033, -108.263, 0.048084, 131.732
19, 3240.00000, 223.474, -30.0856, 223.673, -150.077, 223.631, 89.9277, 0.0044554, -101.171, 0.289966, 131.721, 0.337995, 11.7269, 0.338049, -108.267, 0.0480845, 131.729
19, 3300.00000, 223.438, -30.1008, 223.645, -150.092, 223.602, 89.9137, 0.00449948, -102.239, 0.290008, 131.706, 0.338033, 11.712, 0.338088, -108.282, 0.0480852, 131.717
19, 3360.00000, 223.426, -30.1232, 223.604, -150.123, 223.584, 89.8925, 0.00766549, -92.2791, 0.338373, 131.684, 0.386405, 11.6801, 0.289814, -108.302, 0.0836735, -138.192
19, 3420.00000, 223.437, -30.1187, 223.612, -150.119, 223.592, 89.8967, 0.00765656, -92.0779, 0.338358, 131.688, 0.386392, 11.6845, 0.289805, -108.298, 0.0836698, -138.189
19, 3480.00000, 223.436, -30.1192, 223.611, -150.119, 223.591, 89.8963, 0.00765741, -92.0991, 0.338358, 131.688, 0.386391, 11.684, 0.289804, -108.299, 0.0836695, -138.19
19, 3540.00000, 223.413, -30.129, 223.593, -150.129, 223.573, 89.8871, 0.00767697, -92.5368, 0.338388, 131.678, 0.386418, 11.6743, 0.289825, -108.308, 0.0836769, -138.197
20, 0.00000, 223.394, -30.1372, 223.578, -150.137, 223.558, 89.8796, 0.0076936, -92.8957, 0.338417, 131.67, 0.386445, 11.6663, 0.289845, -108.315, 0.0836845, -138.202
20, 60.00000, 223.62, -29.8269, 223.854, -149.841, 223.837, 90.1705, 0.00310626, -82.1672, 0.313929, 131.979, 0.265353, 11.9637, 0.361866, -108.024, 0.0836276, 41.7898
20, 120.00000, 223.594, -29.8381, 223.834, -149.852, 223.816, 90.1601, 0.00311768, -83.4627, 0.313961, 131.968, 0.265373, 11.9529, 0.361896, -108.035, 0.083634, 41.7753
20, 180.00000, 223.567, -29.8496, 223.813, -149.863, 223.795, 90.1494, 0.00313128, -84.7896, 0.313998, 131.956, 0.265398, 11.9415, 0.361931, -108.046, 0.0836397, 41.761
20, 240.00000, 223.541, -29.8607, 223.793, -149.874, 223.774, 90.139, 0.00314595, -86.0569, 0.314034, 131.945, 0.265422, 11.9306, 0.361964, -108.056, 0.0836452, 41.7473
20, 300.00000, 223.538, -29.8624, 223.79, -149.876, 223.771, 90.1375, 0.00314836, -86.2413, 0.314043, 131.943, 0.265428, 11.9288, 0.361972, -108.057, 0.0836457, 41.746
20, 360.00000, 223.394, -29.8954, 224.011, -149.871, 223.732, 90.1531, 0.00418081, -22.7957, 0.314248, 131.91, 0.33748, 11.9331, 0.362038, -108.041, 0.0414075, 101.368
20, 420.00000, 223.37, -29.9056, 223.992, -149.881, 223.713, 90.1436, 0.00413132, -23.3714, 0.314278, 131.899, 0.337505, 11.923, 0.362066, -108.051, 0.0414062, 101.355
20, 480.00000, 223.36, -29.91, 223.984, -149.886, 223.705, 90.1395, 0.0041104, -23.6221, 0.314295, 131.895, 0.337518, 11.9187, 0.36208, -108.055, 0.0414058, 101.351
20, 540.00000, 223.359, -29.9107, 223.983, -149.886, 223.703, 90.1388, 0.00410694, -23.6646, 0.314298, 131.894, 0.337522, 11.9179, 0.362084, -108.055, 0.0414057, 101.351
20, 600.00000, 223.357, -29.9114, 223.982, -149.887, 223.702, 90.1382, 0.00410397, -23.7005, 0.3143, 131.894, 0.337523, 11.9173, 0.362086, -108.056, 0.0414056, 101.351
20, 660.00000, 223.693, -29.8668, 223.666, -149.894, 223.856, 90.1096, 0.00610336, -95.1459, 0.362108, 131.94, 0.41044, 11.9096, 0.337707, -108.085, 0.0639466, -148.898
20, 720.00000, 223.672, -29.8758, 223.65, -149.903, 223.839, 90.1012, 0.00612489, -95.6506, 0.362139, 131.931, 0.410467, 11.9006, 0.337731, -108.094, 0.0639511, -148.904
20, 780.00000, 223.659, -29.8813, 223.64, -149.909, 223.829, 90.0961, 0.00613824, -95.9528, 0.36216, 131.925, 0.410486, 11.8952, 0.337747, -108.099, 0.063955, -148.906
20, 840.00000, 223.647, -29.8867, 223.63, -149.914, 223.819, 90.0911, 0.00615141, -96.2478, 0.36218, 131.92, 0.410504, 11.89, 0.337762, -108.104, 0.0639585, -148.909
20, 900.00000, 223.633, -29.8928, 223.619, -149.92, 223.808, 90.0854, 0.00616659, -96.5822, 0.362203, 131.914, 0.410525, 11.8839, 0.337779, -108.11, 0.0639623, -148.912
20, 960.00000, 223.527, -29.9268, 223.833, -149.921, 223.71, 90.0937, 0.00279229, -80.8415, 0.362376, 131.879, 0.361878, 11.8837, 0.386209, -108.101, 0.0240574, 71.1381
20, 1020.00000, 223.514, -29.932, 223.823, -149.926, 223.701, 90.0888, 0.00279664, -81.5132, 0.362394, 131.874, 0.361892, 11.8785, 0.386224, -108.106, 0.0240564, 71.1292
20, 1080.00000, 223.489, -29.9427, 223.804, -149.936, 223.681, 90.0789, 0.00280683, -82.8834, 0.362432, 131.863, 0.361922, 11.8679, 0.386257, -108.116, 0.0240543, 71.1106
20, 1140.00000, 223.47, -29.951, 223.789, -149.945, 223.665, 90.0712, 0.00281585, -83.9312, 0.362464, 131.855, 0.361947, 11.8598, 0.386284, -108.124, 0.0240524, 71.0974
20, 1200.00000, 223.463, -29.9542, 223.783, -149.948, 223.659, 90.0682, 0.00281962, -84.3313, 0.362477, 131.851, 0.361959, 11.8567, 0.386296, -108.127, 0.0240515, 71.0931
20, 1260.00000, 223.324, -29.9787, 223.88, -149.94, 223.534, 90.0718, 0.00913657, -39.7894, 0.338536, 131.827, 0.337677, 11.8626, 0.386509, -108.121, 0.0482222, 71.2329
20, 1320.00000, 223.313, -29.9832, 223.871, -149.945, 223.525, 90.0675, 0.00912111, -39.9434, 0.33855, 131.822, 0.337688, 11.8581, 0.386522, -108.126, 0.0482229, 71.2262
20, 1380.00000, 223.306, -29.9863, 223.866, -149.948, 223.519, 90.0647, 0.00911087, -40.0465, 0.338562, 131.819, 0.337697, 11.8551, 0.386533, -108.128, 0.0482229, 71.2224
20, 1440.00000, 223.297, -29.9901, 223.859, -149.952, 223.512, 90.0611, 0.00909809, -40.1754, 0.338575, 131.815, 0.337707, 11.8513, 0.386545, -108.132, 0.048223, 71.2173
20, 1500.00000, 223.288, -29.9939, 223.852, -149.955, 223.505, 90.0575, 0.00908535, -40.3049, 0.338588, 131.812, 0.337717, 11.8476, 0.386557, -108.136, 0.048223, 71.2123
20, 1560.00000, 223.261, -29.9859, 223.694, -149.984, 223.642, 90.0594, 0.00716229, -65.2662, 0.362814, 131.82, 0.313822, 11.8191, 0.289741, -108.135, 0.0643407, -67.1969
20, 1620.00000, 223.255, -29.9883, 223.689, -149.987, 223.637, 90.0572, 0.00716016, -65.3884, 0.362822, 131.818, 0.313828, 11.8167, 0.289746, -108.137, 0.0643435, -67.2
20, 1680.00000, 223.254, -29.9891, 223.688, -149.987, 223.636, 90.0565, 0.00715955, -65.4272, 0.362825, 131.817, 0.313831, 11.816, 0.289748, -108.138, 0.0643445, -67.2008
20, 1740.00000, 223.25, -29.9906, 223.685, -149.989, 223.633, 90.0551, 0.00715826, -65.505, 0.362831, 131.816, 0.313834, 11.8145, 0.289751, -108.139, 0.0643461, -67.2023
20, 1800.00000, 223.248, -29.9916, 223.683, -149.99, 223.631, 90.0541, 0.00715743, -65.5564, 0.362835, 131.815, 0.313837, 11.8135, 0.289754, -108.14, 0.0643473, -67.2034
20, 1860.00000, 223.378, -29.9737, 223.664, -149.976, 223.568, 90.0401, 0.00382573, -105.059, 0.314268, 131.832, 0.362155, 11.828, 0.362299, -108.155, 0.0480527, 131.714
20, 1920.00000, 223.373, -29.9755, 223.66, -149.978, 223.565, 90.0384, 0.00383157, -105.203, 0.314273, 131.831, 0.36216, 11.8262, 0.362305, -108.157, 0.048053, 131.712
20, 1980.00000, 223.365, -29.979, 223.654, -149.982, 223.558, 90.0351, 0.00384335, -105.49, 0.314284, 131.827, 0.36217, 11.8227, 0.362315, -108.16, 0.048053, 131.709
20, 2040.00000, 223.362, -29.9806, 223.651, -149.983, 223.555, 90.0337, 0.00384846, -105.613, 0.314289, 131.826, 0.362175, 11.8212, 0.36232, -108.161, 0.0480532, 131.708
20, 2100.00000, 223.362, -29.9806, 223.651, -149.983, 223.555, 90.0337, 0.00384849, -105.612, 0.31429, 131.826, 0.362176, 11.8212, 0.36232, -108.161, 0.0480532, 131.709
20, 2160.00000, 223.497, -29.9495, 223.35, -149.998, 223.667, 90.004, 0.00726998, -91.7664, 0.314104, 131.857, 0.290133, 11.8051, 0.362134, -108.191, 0.0637772, 52.6975
20, 2220.00000, 223.493, -29.951, 223.347, -150, 223.664, 90.0026, 0.00727299, -91.8393, 0.314108, 131.856, 0.290136, 11.8036, 0.362138, -108.192, 0.0637777, 52.6957
20, 2280.00000, 223.493, -29.951, 223.347, -150, 223.664, 90.0026, 0.00727301, -91.839, 0.314109, 131.856, 0.290137, 11.8036, 0.362139, -108.192, 0.0637776, 52.6959
20, 2340.00000, 223.484, -29.9548, 223.34, -150.004, 223.657, 89.999, 0.00728068, -92.0216, 0.31412, 131.852, 0.290145, 11.7999, 0.362149, -108.196, 0.0637787, 52.6907
20, 2400.00000, 223.475, -29.9587, 223.333, -150.007, 223.65, 89.9955, 0.00728849, -92.2037, 0.314132, 131.848, 0.290154, 11.7961, 0.362161, -108.2, 0.0637797, 52.6858
20, 2460.00000, 223.398, -29.9818, 223.621, -149.997, 223.586, 90.0064, 0.00132652, 159.305, 0.386751, 131.823, 0.26563, 11.8087, 0.26567, -108.189, 0.12109, -48.1304
20, 2520.00000, 223.397, -29.9825, 223.619, -149.997, 223.584, 90.0057, 0.00133036, 159.429, 0.386754, 131.823, 0.265631, 11.8079, 0.265672, -108.189, 0.121092, -48.131
20, 2580.00000, 223.389, -29.9856, 223.614, -150, 223.579, 90.0029, 0.00134587, 159.91, 0.386765, 131.82, 0.265636, 11.805, 0.265678, -108.192, 0.121097, -48.1343
20, 2640.00000, 223.389, -29.9856, 223.614, -150, 223.579, 90.0029, 0.00134587, 159.912, 0.386766, 131.82, 0.265637, 11.8049, 0.265679, -108.192, 0.121097, -48.1342
20, 2700.00000, 223.389, -29.9856, 223.614, -150, 223.579, 90.0029, 0.00134587, 159.912, 0.386766, 131.82, 0.265637, 11.8049, 0.265679, -108.192, 0.121097, -48.1342
20, 2760.00000, 223.105, -30.0142, 223.603, -150.006, 223.636, 90.0281, 0.00346882, -113.812, 0.387262, 131.792, 0.386403, 11.7985, 0.313899, -108.167, 0.0729743, -107.783
20, 2820.00000, 223.105, -30.0142, 223.603, -150.006, 223.636, 90.0281, 0.00346887, -113.812, 0.387263, 131.792, 0.386403, 11.7985, 0.313899, -108.167, 0.0729747, -107.783
20, 2880.00000, 223.105, -30.0142, 223.603, -150.006, 223.636, 90.0281, 0.00346887, -113.812, 0.387263, 131.792, 0.386403, 11.7985, 0.313899, -108.167, 0.0729747, -107.783
20, 2940.00000, 223.105, -30.0142, 223.603, -150.006, 223.636, 90.0281, 0.00346887, -113.812, 0.387263, 131.792, 0.386403, 11.7985, 0.313899, -108.167, 0.0729747, -107.783
20, 3000.00000, 223.105, -30.0142, 223.603, -150.006, 223.636, 90.0281, 0.00346887, -113.812, 0.387263, 131.792, 0.386403, 11.7985, 0.313899, -108.167, 0.0729747, -107.783
20, 3060.00000, 223.229, -30.0007, 223.52, -150.018, 223.606, 90.0182, 0.00666084, -134.512, 0.338664, 131.806, 0.289915, 11.7862, 0.313939, -108.178, 0.0420804, -18.5532
20, 3120.00000, 223.229, -30.0008, 223.52, -150.018, 223.606, 90.0182, 0.00666077, -134.513, 0.338663, 131.806, 0.289916, 11.7862, 0.313939, -108.178, 0.0420791, -18.5531
20, 3180.00000, 223.229, -30.0008, 223.52, -150.018, 223.606, 90.0182, 0.00666078, -134.513, 0.338663, 131.806, 0.289916, 11.7862, 0.313939, -108.178, 0.0420791, -18.5532
20, 3240.00000, 223.229, -30.0008, 223.52, -150.018, 223.606, 90.0182, 0.00666078, -134.513, 0.338663, 131.806, 0.289916, 11.7862, 0.313939, -108.178, 0.0420791, -18.5532
20, 3300.00000, 223.229, -30.0008, 223.52, -150.018, 223.606, 90.0182, 0.00666078, -134.513, 0.338663, 131.806, 0.289916, 11.7862, 0.313939, -108.178, 0.0420791, -18.5532
20, 3360.00000, 223.244, -29.9937, 223.502, -150.023, 223.716, 90.0215, 0.00874274, -114.832, 0.314454, 131.814, 0.410747, 11.7807, 0.31378, -108.174, 0.0966875, -168
20, 3420.00000, 223.244, -29.9937, 223.502, -150.023, 223.716, 90.0215, 0.00874277, -114.832, 0.314455, 131.814, 0.410747, 11.7807, 0.31378, -108.174, 0.0966874, -167.999
20, 3480.00000, 223.244, -29.9937, 223.502, -150.023, 223.716, 90.0215, 0.00874277, -114.832, 0.314455, 131.814, 0.410747, 11.7807, 0.31378, -108.174, 0.0966874, -167.999
20, 3540.00000, 223.244, -29.9937, 223.502, -150.023, 223.716, 90.0215, 0.00874277, -114.832, 0.314455, 131.814, 0.410747, 11.7807, 0.31378, -108.174, 0.0966874, -167.999
21, 0.00000, 223.244, -29.9937, 223.502, -150.023, 223.716, 90.0215, 0.00874277, -114.832, 0.314455, 131.814, 0.410747, 11.7807, 0.31378, -108.174, 0.0966874, -167.999
21, 60.00000, 223.233, -29.989, 223.444, -149.988, 223.456, 90.0222, 0.00403045, -93.7182, 0.266092, 131.817, 0.435012, 11.8162, 0.386647, -108.173, 0.150748, 147.962
21, 120.00000, 223.233, -29.989, 223.444, -149.988, 223.456, 90.0222, 0.00403047, -93.7177, 0.266092, 131.817, 0.435012, 11.8162, 0.386647, -108.173, 0.150748, 147.961
21, 180.00000, 223.233, -29.989, 223.444, -149.988, 223.456, 90.0222, 0.00403046, -93.7177, 0.266091, 131.817, 0.435012, 11.8162, 0.386647, -108.173, 0.150748, 147.961
21, 240.00000, 223.233, -29.989, 223.444, -149.988, 223.456, 90.0222, 0.00403046, -93.7177, 0.266091, 131.817, 0.435012, 11.8162, 0.386647, -108.173, 0.150748, 147.961
21, 300.00000, 223.233, -29.989, 223.444, -149.988, 223.456, 90.0222, 0.00403046, -93.7177, 0.266091, 131.817, 0.435012, 11.8162, 0.386647, -108.173, 0.150748, 147.961
21, 360.00000, 223.276, -29.9658, 223.51, -149.994, 223.622, 90.0299, 0.0101531, -71.8459, 0.435351, 131.841, 0.289923, 11.8083, 0.313909, -108.164, 0.13494, -39.2617
21, 420.00000, 223.276, -29.9658, 223.51, -149.994, 223.622, 90.0299, 0.0101531, -71.846, 0.435351, 131.841, 0.289923, 11.8083, 0.313909, -108.164, 0.13494, -39.2618
21, 480.00000, 223.276, -29.9658, 223.51, -149.994, 223.622, 90.0299, 0.0101531, -71.846, 0.435351, 131.841, 0.289923, 11.8083, 0.313909, -108.164, 0.13494, -39.2618
21, 540.00000, 223.276, -29.9658, 223.51, -149.994, 223.622, 90.0299, 0.0101531, -71.846, 0.435351, 131.841, 0.289923, 11.8083, 0.313909, -108.164, 0.13494, -39.2618
21, 600.00000, 223.276, -29.9658, 223.51, -149.994, 223.622, 90.0299, 0.0101531, -71.846, 0.435351, 131.841, 0.289923, 11.8083, 0.313909, -108.164, 0.13494, -39.2618
21, 660.00000, 223.381, -29.9792, 223.586, -149.962, 223.447, 90.0224, 0.0107169, -43.7998, 0.362626, 131.827, 0.33812, 11.8408, 0.314159, -108.17, 0.0420503, -77.8213
21, 720.00000, 223.381, -29.9792, 223.586, -149.962, 223.447, 90.0224, 0.0107169, -43.7997, 0.362625, 131.827, 0.33812, 11.8408, 0.314159, -108.17, 0.04205, -77.8213
21, 780.00000, 223.381, -29.9792, 223.586, -149.962, 223.447, 90.0224, 0.0107169, -43.7997, 0.362625, 131.827, 0.33812, 11.8408, 0.314159, -108.17, 0.04205, -77.8213
21, 840.00000, 223.381, -29.9792, 223.586, -149.962, 223.447, 90.0224, 0.0107169, -43.7997, 0.362625, 131.827, 0.33812, 11.8408, 0.314159, -108.17, 0.04205, -77.8213
21, 900.00000, 223.381, -29.9792, 223.586, -149.962, 223.447, 90.0224, 0.0107169, -43.7997, 0.362625, 131.827, 0.33812, 11.8408, 0.314159, -108.17, 0.04205, -77.8213
21, 960.00000, 223.238, -29.9927, 223.633, -149.984, 223.496, 90.0368, 0.00556435, 16.4609, 0.314467, 131.811, 0.3139, 11.821, 0.410749, -108.157, 0.0965207, 71.6398
21, 1020.00000, 223.238, -29.9927, 223.633, -149.984, 223.496, 90.0368, 0.00556431, 16.4606, 0.314467, 131.811, 0.3139, 11.821, 0.410749, -108.157, 0.0965203, 71.6396
21, 1080.00000, 223.238, -29.9927, 223.633, -149.984, 223.496, 90.0368, 0.00556431, 16.4606, 0.314467, 131.811, 0.3139, 11.821, 0.410749, -108.157, 0.0965204, 71.6396
21, 1140.00000, 223.238, -29.9927, 223.633, -149.984, 223.496, 90.0368, 0.00556431, 16.4606, 0.314467, 131.811, 0.3139, 11.821, 0.410749, -108.157, 0.0965204, 71.6396
21, 1200.00000, 223.238, -29.9927, 223.633, -149.984, 223.496, 90.0368, 0.00556431, 16.4606, 0.314467, 131.811, 0.3139, 11.821, 0.410749, -108.157, 0.0965204, 71.6396
21, 1260.00000, 223.175, -29.9916, 223.59, -149.993, 223.545, 90.0399, 0.00599468, -53.1966, 0.338756, 131.814, 0.338118, 11.8105, 0.362335, -108.154, 0.0239191, 70.997
21, 1320.00000, 223.175, -29.9916, 223.59, -149.993, 223.545, 90.0399, 0.00599471, -53.1966, 0.338756, 131.814, 0.338117, 11.8105, 0.362335, -108.154, 0.0239194, 70.9965
21, 1380.00000, 223.175, -29.9916, 223.59, -149.993, 223.545, 90.0399, 0.00599471, -53.1966, 0.338756, 131.814, 0.338117, 11.8105, 0.362335, -108.154, 0.0239194, 70.9965
21, 1440.00000, 223.175, -29.9916, 223.59, -149.993, 223.545, 90.0399, 0.00599471, -53.1966, 0.338756, 131.814, 0.338117, 11.8105, 0.362335, -108.154, 0.0239194, 70.9965
21, 1500.00000, 223.175, -29.9916, 223.59, -149.993, 223.545, 90.0399, 0.00599471, -53.1966, 0.338756, 131.814, 0.338117, 11.8105, 0.362335, -108.154, 0.0239194, 70.9965
21, 1560.00000, 223.321, -29.9612, 223.442, -149.992, 223.651, 90.0244, 0.008845, -96.1422, 0.386893, 131.846, 0.338349, 11.8116, 0.362159, -108.171, 0.0420455, -18.5451
21, 1620.00000, 223.321, -29.9612, 223.442, -149.992, 223.651, 90.0244, 0.008845, -96.1429, 0.386894, 131.846, 0.33835, 11.8117, 0.362158, -108.171, 0.0420456, -18.5476
21, 1680.00000, 223.321, -29.9612, 223.442, -149.992, 223.651, 90.0244, 0.008845, -96.1429, 0.386894, 131.846, 0.33835, 11.8117, 0.362158, -108.171, 0.0420457, -18.5476
21, 1740.00000, 223.321, -29.9612, 223.442, -149.992, 223.651, 90.0244, 0.008845, -96.1429, 0.386894, 131.846, 0.33835, 11.8117, 0.362158, -108.171, 0.0420457, -18.5476
21, 1800.00000, 223.321, -29.9612, 223.442, -149.992, 223.651, 90.0244, 0.008845, -96.1429, 0.386894, 131.846, 0.33835, 11.8117, 0.362158, -108.171, 0.0420457, -18.5476
21, 1860.00000, 223.1, -29.9849, 223.683, -149.984, 223.572, 90.0544, 0.00515604, -13.1816, 0.338869, 131.82, 0.28969, 11.8197, 0.38645, -108.139, 0.0836606, 41.437
21, 1920.00000, 223.1, -29.9849, 223.683, -149.984, 223.572, 90.0544, 0.00515606, -13.1816, 0.338869, 131.82, 0.28969, 11.8197, 0.38645, -108.139, 0.0836603, 41.4371
21, 1980.00000, 223.1, -29.9849, 223.683, -149.984, 223.572, 90.0544, 0.00515606, -13.1816, 0.338869, 131.82, 0.28969, 11.8197, 0.38645, -108.139, 0.0836602, 41.4371
21, 2040.00000, 223.1, -29.9849, 223.683, -149.984, 223.572, 90.0544, 0.00515606, -13.1816, 0.338869, 131.82, 0.28969, 11.8197, 0.38645, -108.139, 0.0836602, 41.4371
21, 2100.00000, 223.1, -29.9849, 223.683, -149.984, 223.572, 90.0544, 0.00515606, -13.1816, 0.338869, 131.82, 0.28969, 11.8197, 0.38645, -108.139, 0.0836602, 41.4371
21, 2160.00000, 223.113, -29.9708, 223.437, -150.019, 223.729, 90.0497, 0.0078045, -55.0199, 0.435668, 131.835, 0.386685, 11.7841, 0.362036, -108.144, 0.0644928, -67.3941
21, 2220.00000, 223.113, -29.9708, 223.437, -150.019, 223.729, 90.0497, 0.00780445, -55.02, 0.435668, 131.835, 0.386686, 11.7841, 0.362035, -108.144, 0.0644934, -67.3946
21, 2280.00000, 223.113, -29.9708, 223.437, -150.019, 223.729, 90.0497, 0.00780446, -55.02, 0.435668, 131.835, 0.386686, 11.7841, 0.362035, -108.144, 0.0644934, -67.3945
21, 2340.00000, 223.113, -29.9708, 223.437, -150.019, 223.729, 90.0497, 0.00780446, -55.02, 0.435668, 131.835, 0.386686, 11.7841, 0.362035, -108.144, 0.0644934, -67.3945
21, 2400.00000, 223.113, -29.9708, 223.437, -150.019, 223.729, 90.0497, 0.00780446, -55.02, 0.435668, 131.835, 0.386686, 11.7841, 0.362035, -108.144, 0.0644934, -67.3945
21, 2460.00000, 223.23, -29.976, 223.539, -150.01, 223.682, 90.042, 0.00588459, -127.378, 0.290282, 131.831, 0.38652, 11.7946, 0.362113, -108.154, 0.0869211, 145.855
21, 2520.00000, 223.23, -29.976, 223.539, -150.01, 223.682, 90.042, 0.00588463, -127.378, 0.290282, 131.831, 0.38652, 11.7946, 0.362113, -108.154, 0.0869207, 145.855
21, 2580.00000, 223.23, -29.976, 223.539, -150.01, 223.682, 90.042, 0.00588463, -127.378, 0.290282, 131.831, 0.38652, 11.7946, 0.362113, -108.154, 0.0869207, 145.855
21, 2640.00000, 223.23, -29.976, 223.539, -150.01, 223.682, 90.042, 0.00588463, -127.378, 0.290282, 131.831, 0.38652, 11.7946, 0.362113, -108.154, 0.0869208, 145.855
21, 2700.00000, 223.23, -29.976, 223.539, -150.01, 223.682, 90.042, 0.00588463, -127.378, 0.290282, 131.831, 0.38652, 11.7946, 0.362113, -108.154, 0.0869208, 145.855
21, 2760.00000, 223.236, -29.9736, 223.629, -149.994, 223.628, 90.0478, 0.00859735, -93.4842, 0.362851, 131.834, 0.362215, 11.8093, 0.26561, -108.147, 0.0967912, -107.938
21, 2820.00000, 223.236, -29.9736, 223.629, -149.994, 223.628, 90.0478, 0.00859738, -93.4842, 0.362852, 131.834, 0.362214, 11.8093, 0.26561, -108.147, 0.0967912, -107.938
21, 2880.00000, 223.236, -29.9736, 223.629, -149.994, 223.628, 90.0478, 0.00859738, -93.4842, 0.362851, 131.834, 0.362214, 11.8093, 0.26561, -108.147, 0.0967912, -107.938
21, 2940.00000, 223.236, -29.9736, 223.629, -149.994, 223.628, 90.0478, 0.00859738, -93.4842, 0.362851, 131.834, 0.362214, 11.8093, 0.26561, -108.147, 0.0967912, -107.938
21, 3000.00000, 223.236, -29.9736, 223.629, -149.994, 223.628, 90.0478, 0.00859738, -93.4842, 0.362851, 131.834, 0.362214, 11.8093, 0.26561, -108.147, 0.0967912, -107.938
21, 3060.00000, 223.337, -29.9719, 223.512, -149.98, 223.524, 90.034, 0.00514395, 20.0933, 0.386866, 131.832, 0.338229, 11.8245, 0.434856, -108.16, 0.0836739, 41.6747
21, 3120.00000, 223.337, -29.9719, 223.512, -149.98, 223.524, 90.034, 0.00514393, 20.0935, 0.386866, 131.832, 0.338229, 11.8245, 0.434856, -108.16, 0.0836735, 41.6746
21, 3180.00000, 223.337, -29.9719, 223.512, -149.98, 223.524, 90.034, 0.00514393, 20.0935, 0.386866, 131.832, 0.338229, 11.8245, 0.434856, -108.16, 0.0836735, 41.6745
21, 3240.00000, 223.337, -29.9719, 223.512, -149.98, 223.524, 90.034, 0.00514393, 20.0935, 0.386866, 131.832, 0.338229, 11.8245, 0.434856, -108.16, 0.0836735, 41.6745
21, 3300.00000, 223.337, -29.9719, 223.512, -149.98, 223.524, 90.034, 0.00514393, 20.0935, 0.386866, 131.832, 0.338229, 11.8245, 0.434856, -108.16, 0.0836735, 41.6745
21, 3360.00000, 223.049, -29.9872, 223.639, -150.011, 223.582, 90.0639, 0.00431734, -146.726, 0.387355, 131.819, 0.458784, 11.7942, 0.410583, -108.132, 0.0635155, 172.998
21, 3420.00000, 223.049, -29.9872, 223.639, -150.011, 223.582, 90.0639, 0.00431737, -146.726, 0.387355, 131.819, 0.458784, 11.7942, 0.410583, -108.132, 0.0635155, 172.999
21, 3480.00000, 223.049, -29.9872, 223.639, -150.011, 223.582, 90.0639, 0.00431737, -146.726, 0.387355, 131.819, 0.458784, 11.7942, 0.410583, -108.132, 0.0635155, 172.999
21, 3540.00000, 223.049, -29.9872, 223.639, -150.011, 223.582, 90.0639, 0.00431737, -146.726, 0.387355, 131.819, 0.458784, 11.7942, 0.410583, -108.132, 0.0635155, 172.999
22, 0.00000, 223.049, -29.9872, 223.639, -150.011, 223.582, 90.0639, 0.00431737, -146.726, 0.387355, 131.819, 0.458784, 11.7942, 0.410583, -108.132, 0.0635155, 172.999
22, 60.00000, 223.339, -30.0159, 223.553, -150.04, 223.723, 89.997, 0.0103944, -87.3838, 0.362686, 131.792, 0.338182, 11.7624, 0.241359, -108.198, 0.110949, -97.2508
22, 120.00000, 223.339, -30.0159, 223.553, -150.04, 223.723, 89.997, 0.0103945, -87.3839, 0.362687, 131.792, 0.338182, 11.7624, 0.241359, -108.198, 0.110949, -97.2504
22, 180.00000, 223.339, -30.0159, 223.553, -150.04, 223.723, 89.997, 0.0103945, -87.3839, 0.362687, 131.792, 0.338182, 11.7624, 0.241359, -108.198, 0.110949, -97.2504
22, 240.00000, 223.339, -30.0159, 223.553, -150.04, 223.723, 89.997, 0.0103945, -87.3839, 0.362687, 131.792, 0.338182, 11.7624, 0.241359, -108.198, 0.110949, -97.2504
22, 300.00000, 223.339, -30.0159, 223.553, -150.04, 223.723, 89.997, 0.0103945, -87.3839, 0.362687, 131.792, 0.338182, 11.7624, 0.241359, -108.198, 0.110949, -97.2504
22, 360.00000, 223.291, -30.0146, 223.545, -150.05, 223.81, 90.0004, 0.0116529, -97.2394, 0.362762, 131.793, 0.386512, 11.7527, 0.265389, -108.195, 0.110969, -118.989
22, 420.00000, 223.291, -30.0146, 223.545, -150.05, 223.81, 90.0004, 0.0116529, -97.2392, 0.362762, 131.793, 0.386511, 11.7527, 0.26539, -108.195, 0.110969, -118.989
22, 480.00000, 223.291, -30.0146, 223.545, -150.05, 223.81, 90.0004, 0.0116529, -97.2392, 0.362762, 131.793, 0.386511, 11.7527, 0.26539, -108.195, 0.110969, -118.989
22, 540.00000, 223.291, -30.0146, 223.545, -150.05, 223.81, 90.0004, 0.0116529, -97.2392, 0.362762, 131.793, 0.386511, 11.7527, 0.26539, -108.195, 0.110969, -118.989
22, 600.00000, 223.291, -30.0146, 223.545, -150.05, 223.81, 90.0004, 0.0116529, -97.2392, 0.362762, 131.793, 0.386511, 11.7527, 0.26539, -108.195, 0.110969, -118.989
22, 660.00000, 223.228, -30.0251, 223.521, -150.066, 223.82, 90.0066, 0.00673271, -60.721, 0.483823, 131.781, 0.314064, 11.7373, 0.313637, -108.187, 0.169616, -48.3328
22, 720.00000, 223.228, -30.0251, 223.521, -150.066, 223.82, 90.0066, 0.00673265, -60.7214, 0.483823, 131.781, 0.314064, 11.7373, 0.313637, -108.187, 0.169616, -48.3331
22, 780.00000, 223.228, -30.0251, 223.521, -150.066, 223.82, 90.0066, 0.00673265, -60.7214, 0.483823, 131.781, 0.314064, 11.7373, 0.313637, -108.187, 0.169616, -48.3331
22, 840.00000, 223.228, -30.0251, 223.521, -150.066, 223.82, 90.0066, 0.00673265, -60.7214, 0.483823, 131.781, 0.314064, 11.7373, 0.313637, -108.187, 0.169616, -48.3331
22, 900.00000, 223.228, -30.0251, 223.521, -150.066, 223.82, 90.0066, 0.00673265, -60.7214, 0.483823, 131.781, 0.314064, 11.7373, 0.313637, -108.187, 0.169616, -48.3331
22, 960.00000, 223.429, -30.016, 223.698, -150.019, 223.664, 89.9956, 0.00653243, -39.3098, 0.338373, 131.789, 0.313813, 11.7846, 0.289715, -108.198, 0.0420812, -77.9713
22, 1020.00000, 223.429, -30.0159, 223.698, -150.019, 223.664, 89.9956, 0.00653249, -39.3095, 0.338373, 131.789, 0.313813, 11.7845, 0.289715, -108.198, 0.0420802, -77.9705
22, 1080.00000, 223.429, -30.0159, 223.698, -150.019, 223.664, 89.9956, 0.00653248, -39.3094, 0.338373, 131.789, 0.313813, 11.7845, 0.289715, -108.198, 0.0420801, -77.9705
22, 1140.00000, 223.429, -30.0159, 223.698, -150.019, 223.664, 89.9956, 0.00653248, -39.3094, 0.338373, 131.789, 0.313813, 11.7845, 0.289715, -108.198, 0.0420801, -77.9705
22, 1200.00000, 223.429, -30.0159, 223.698, -150.019, 223.664, 89.9956, 0.00653248, -39.3094, 0.338373, 131.789, 0.313813, 11.7845, 0.289715, -108.198, 0.0420801, -77.9705
22, 1260.00000, 223.359, -30.0221, 223.7, -150.019, 223.634, 89.9983, 0.00949937, -75.7724, 0.265947, 131.785, 0.265537, 11.7838, 0.265602, -108.196, 0.000297202, -45.5131
22, 1320.00000, 223.359, -30.0221, 223.7, -150.019, 223.634, 89.9983, 0.00949935, -75.7728, 0.265947, 131.785, 0.265538, 11.7838, 0.265602, -108.196, 0.000297055, -45.6173
22, 1380.00000, 223.359, -30.0221, 223.7, -150.019, 223.634, 89.9983, 0.00949935, -75.7728, 0.265947, 131.785, 0.265537, 11.7838, 0.265602, -108.196, 0.000297078, -45.6095
22, 1440.00000, 223.359, -30.0221, 223.7, -150.019, 223.634, 89.9983, 0.00949935, -75.7728, 0.265947, 131.785, 0.265537, 11.7838, 0.265602, -108.196, 0.000297075, -45.6093
22, 1500.00000, 223.359, -30.0221, 223.7, -150.019, 223.634, 89.9983, 0.00949935, -75.7728, 0.265947, 131.785, 0.265537, 11.7838, 0.265602, -108.196, 0.000297075, -45.6094
22, 1560.00000, 223.346, -30.0239, 223.619, -150.046, 223.628, 89.9914, 0.00678509, -8.08431, 0.362677, 131.781, 0.31392, 11.7577, 0.362207, -108.202, 0.0484255, 11.5146
22, 1620.00000, 223.346, -30.0239, 223.619, -150.046, 223.628, 89.9914, 0.00678509, -8.08433, 0.362677, 131.781, 0.31392, 11.7576, 0.362207, -108.202, 0.0484254, 11.5147
22, 1680.00000, 223.346, -30.0239, 223.619, -150.046, 223.628, 89.9914, 0.0067851, -8.08433, 0.362677, 131.781, 0.31392, 11.7576, 0.362207, -108.202, 0.0484254, 11.5147
22, 1740.00000, 223.346, -30.0239, 223.619, -150.046, 223.628, 89.9914, 0.0067851, -8.08433, 0.362677, 131.781, 0.31392, 11.7576, 0.362207, -108.202, 0.0484254, 11.5147
22, 1800.00000, 223.346, -30.0239, 223.619, -150.046, 223.628, 89.9914, 0.0067851, -8.08433, 0.362677, 131.781, 0.31392, 11.7576, 0.362207, -108.202, 0.0484254, 11.5147
22, 1860.00000, 223.374, -30.0193, 223.595, -150.047, 223.662, 89.9921, 0.00722301, -91.1049, 0.290102, 131.787, 0.386419, 11.7567, 0.265571, -108.203, 0.110636, -157.263
22, 1920.00000, 223.374, -30.0193, 223.595, -150.047, 223.662, 89.9921, 0.00722297, -91.1051, 0.290101, 131.787, 0.38642, 11.7567, 0.265571, -108.203, 0.110637, -157.263
22, 1980.00000, 223.374, -30.0193, 223.595, -150.047, 223.662, 89.9921, 0.00722297, -91.1052, 0.290101, 131.787, 0.38642, 11.7567, 0.265571, -108.203, 0.110637, -157.263
22, 2040.00000, 223.374, -30.0193, 223.595, -150.047, 223.662, 89.9921, 0.00722297, -91.1052, 0.290101, 131.787, 0.38642, 11.7567, 0.265571, -108.203, 0.110637, -157.263
22, 2100.00000, 223.374, -30.0193, 223.595, -150.047, 223.662, 89.9921, 0.00722297, -91.1052, 0.290101, 131.787, 0.38642, 11.7567, 0.265571, -108.203, 0.110637, -157.263
22, 2160.00000, 223.419, -30.0173, 223.548, -150.048, 223.76, 89.978, 0.00636488, -89.1855, 0.410892, 131.789, 0.338187, 11.7557, 0.265455, -108.217, 0.125768, -78.2056
22, 2220.00000, 223.419, -30.0173, 223.548, -150.048, 223.76, 89.978, 0.00636492, -89.1858, 0.410892, 131.789, 0.338187, 11.7557, 0.265455, -108.217, 0.125769, -78.2054
22, 2280.00000, 223.419, -30.0173, 223.548, -150.048, 223.76, 89.978, 0.00636492, -89.1858, 0.410892, 131.789, 0.338187, 11.7557, 0.265455, -108.217, 0.125769, -78.2054
22, 2340.00000, 223.419, -30.0173, 223.548, -150.048, 223.76, 89.978, 0.00636492, -89.1858, 0.410892, 131.789, 0.338187, 11.7557, 0.265455, -108.217, 0.125769, -78.2054
22, 2400.00000, 223.419, -30.0173, 223.548, -150.048, 223.76, 89.978, 0.00636492, -89.1858, 0.410892, 131.789, 0.338187, 11.7557, 0.265455, -108.217, 0.125769, -78.2054
22, 2460.00000, 223.552, -30.013, 223.534, -150.033, 223.549, 89.9615, 0.00299936, -167.152, 0.193242, 131.793, 0.338208, 11.7727, 0.314024, -108.234, 0.134469, 140.696
22, 2520.00000, 223.552, -30.013, 223.534, -150.033, 223.549, 89.9615, 0.0029993, -167.152, 0.193242, 131.793, 0.338208, 11.7727, 0.314025, -108.234, 0.13447, 140.696
22, 2580.00000, 223.552, -30.013, 223.534, -150.033, 223.549, 89.9615, 0.0029993, -167.153, 0.193242, 131.793, 0.338208, 11.7727, 0.314025, -108.234, 0.13447, 140.696
22, 2640.00000, 223.552, -30.013, 223.534, -150.033, 223.549, 89.9615, 0.0029993, -167.153, 0.193242, 131.793, 0.338208, 11.7727, 0.314025, -108.234, 0.13447, 140.696
22, 2700.00000, 223.552, -30.013, 223.534, -150.033, 223.549, 89.9615, 0.0029993, -167.153, 0.193242, 131.793, 0.338208, 11.7727, 0.314025, -108.234, 0.13447, 140.696
22, 2760.00000, 223.386, -30.0351, 223.717, -150.02, 223.567, 89.9945, 0.00704784, -52.0712, 0.362611, 131.771, 0.337925, 11.7837, 0.289839, -108.199, 0.0641248, -88.8617
22, 2820.00000, 223.386, -30.0351, 223.717, -150.02, 223.567, 89.9944, 0.00704786, -52.0716, 0.362612, 131.771, 0.337925, 11.7838, 0.289839, -108.199, 0.0641254, -88.8612
22, 2880.00000, 223.386, -30.0351, 223.717, -150.02, 223.567, 89.9944, 0.00704786, -52.0716, 0.362612, 131.771, 0.337925, 11.7838, 0.289839, -108.199, 0.0641254, -88.8611
22, 2940.00000, 223.386, -30.0351, 223.717, -150.02, 223.567, 89.9944, 0.00704786, -52.0716, 0.362612, 131.771, 0.337925, 11.7838, 0.289839, -108.199, 0.0641254, -88.8611
22, 3000.00000, 223.386, -30.0351, 223.717, -150.02, 223.567, 89.9944, 0.00704786, -52.0716, 0.362612, 131.771, 0.337925, 11.7838, 0.289839, -108.199, 0.0641254, -88.8611
22, 3060.00000, 223.428, -30.021, 223.535, -150.036, 223.601, 89.9794, 0.0101049, -92.0754, 0.265863, 131.786, 0.314051, 11.7665, 0.241491, -108.216, 0.063916, -149.031
22, 3120.00000, 223.428, -30.021, 223.535, -150.036, 223.601, 89.9794, 0.0101049, -92.0755, 0.265863, 131.786, 0.314052, 11.7665, 0.241491, -108.216, 0.0639166, -149.031
22, 3180.00000, 223.428, -30.021, 223.535, -150.036, 223.601, 89.9794, 0.0101049, -92.0755, 0.265863, 131.786, 0.314052, 11.7665, 0.241491, -108.216, 0.0639166, -149.031
22, 3240.00000, 223.428, -30.021, 223.535, -150.036, 223.601, 89.9794, 0.0101049, -92.0755, 0.265863, 131.786, 0.314052, 11.7665, 0.241491, -108.216, 0.0639166, -149.031
22, 3300.00000, 223.428, -30.021, 223.535, -150.036, 223.601, 89.9794, 0.0101049, -92.0755, 0.265863, 131.786, 0.314052, 11.7665, 0.241491, -108.216, 0.0639166, -149.031
22, 3360.00000, 223.375, -30.0263, 223.594, -150.029, 223.601, 89.9864, 0.00881371, -72.6622, 0.314278, 131.78, 0.338116, 11.7735, 0.289791, -108.208, 0.0418614, -137.894
22, 3420.00000, 223.375, -30.0263, 223.594, -150.029, 223.601, 89.9864, 0.00881375, -72.662, 0.314278, 131.78, 0.338116, 11.7735, 0.289791, -108.208, 0.0418608, -137.894
22, 3480.00000, 223.375, -30.0263, 223.594, -150.029, 223.601, 89.9864, 0.00881375, -72.662, 0.314278, 131.78, 0.338116, 11.7735, 0.289791, -108.208, 0.0418608, -137.894
22, 3540.00000, 223.375, -30.0263, 223.594, -150.029, 223.601, 89.9864, 0.00881375, -72.662, 0.314278, 131.78, 0.338116, 11.7735, 0.289791, -108.208, 0.0418608, -137.894
23, 0.00000, 223.375, -30.0263, 223.594, -150.029, 223.601, 89.9864, 0.00881375, -72.662, 0.314278, 131.78, 0.338116, 11.7735, 0.289791, -108.208, 0.0418608, -137.894
23, 60.00000, 223.412, -30.2785, 223.727, -150.271, 223.681, 89.7492, 0.00324709, -44.0437, 0.265879, 131.527, 0.241364, 11.5332, 0.265553, -108.445, 0.0242402, 10.9506
23, 120.00000, 223.412, -30.2785, 223.727, -150.271, 223.681, 89.7492, 0.00324718, -44.0445, 0.26588, 131.527, 0.241364, 11.5332, 0.265554, -108.445, 0.0242412, 10.9489
23, 180.00000, 223.412, -30.2785, 223.727, -150.271, 223.681, 89.7492, 0.00324718, -44.0445, 0.26588, 131.527, 0.241364, 11.5332, 0.265554, -108.445, 0.0242412, 10.949
23, 240.00000, 223.412, -30.2785, 223.727, -150.271, 223.681, 89.7492, 0.00324718, -44.0445, 0.26588, 131.527, 0.241364, 11.5332, 0.265554, -108.445, 0.0242412, 10.949
23, 300.00000, 223.412, -30.2785, 223.727, -150.271, 223.681, 89.7492, 0.00324718, -44.0445, 0.26588, 131.527, 0.241364, 11.5332, 0.265554, -108.445, 0.0242412, 10.949
23, 360.00000, 223.429, -30.2772, 223.675, -150.27, 223.624, 89.7434, 0.00602921, -95.7229, 0.265858, 131.529, 0.241426, 11.5334, 0.241471, -108.452, 0.0243551, -48.4931
23, 420.00000, 223.429, -30.2773, 223.675, -150.27, 223.624, 89.7434, 0.00602928, -95.7234, 0.265859, 131.529, 0.241426, 11.5335, 0.241471, -108.452, 0.0243568, -48.4944
23, 480.00000, 223.429, -30.2773, 223.675, -150.27, 223.624, 89.7434, 0.00602929, -95.7234, 0.265859, 131.529, 0.241426, 11.5335, 0.241471, -108.452, 0.0243569, -48.4942
23, 540.00000, 223.429, -30.2773, 223.675, -150.27, 223.624, 89.7434, 0.00602929, -95.7234, 0.265859, 131.529, 0.241426, 11.5335, 0.241471, -108.452, 0.0243569, -48.4942
23, 600.00000, 223.429, -30.2773, 223.675, -150.27, 223.624, 89.7434, 0.00602929, -95.7234, 0.265859, 131.529, 0.241426, 11.5335, 0.241471, -108.452, 0.0243569, -48.4942
23, 660.00000, 223.451, -30.2696, 223.712, -150.27, 223.705, 89.7442, 0.0107428, -75.1129, 0.314174, 131.537, 0.193107, 11.5323, 0.193103, -108.45, 0.121017, -48.4703
23, 720.00000, 223.451, -30.2696, 223.712, -150.27, 223.705, 89.7442, 0.0107428, -75.1127, 0.314174, 131.538, 0.193107, 11.5322, 0.193103, -108.45, 0.121016, -48.4701
23, 780.00000, 223.451, -30.2696, 223.712, -150.27, 223.705, 89.7442, 0.0107428, -75.1127, 0.314174, 131.538, 0.193107, 11.5322, 0.193103, -108.45, 0.121016, -48.4702
23, 840.00000, 223.451, -30.2696, 223.712, -150.27, 223.705, 89.7442, 0.0107428, -75.1127, 0.314174, 131.538, 0.193107, 11.5322, 0.193103, -108.45, 0.121016, -48.4702
23, 900.00000, 223.451, -30.2696, 223.712, -150.27, 223.705, 89.7442, 0.0107428, -75.1127, 0.314174, 131.538, 0.193107, 11.5322, 0.193103, -108.45, 0.121016, -48.4702
23, 960.00000, 223.366, -30.2814, 223.656, -150.295, 223.71, 89.7472, 0.00552729, -102.346, 0.265933, 131.525, 0.26559, 11.5096, 0.265516, -108.448, 0.000228069, -71.9343
23, 1020.00000, 223.366, -30.2814, 223.656, -150.295, 223.71, 89.7472, 0.0055273, -102.347, 0.265933, 131.525, 0.26559, 11.5096, 0.265515, -108.448, 0.000228676, -72.1385
23, 1080.00000, 223.366, -30.2814, 223.656, -150.295, 223.71, 89.7472, 0.0055273, -102.347, 0.265933, 131.525, 0.26559, 11.5096, 0.265515, -108.448, 0.000228723, -72.1285
23, 1140.00000, 223.366, -30.2814, 223.656, -150.295, 223.71, 89.7472, 0.0055273, -102.347, 0.265933, 131.525, 0.26559, 11.5096, 0.265515, -108.448, 0.000228721, -72.1279
23, 1200.00000, 223.366, -30.2814, 223.656, -150.295, 223.71, 89.7472, 0.0055273, -102.347, 0.265933, 131.525, 0.26559, 11.5096, 0.265515, -108.448, 0.000228721, -72.128
23, 1260.00000, 223.426, -30.2724, 223.675, -150.275, 223.746, 89.7487, 0.0065416, -57.785, 0.265867, 131.534, 0.217279, 11.5281, 0.217204, -108.445, 0.0485382, -48.5784
23, 1320.00000, 223.426, -30.2724, 223.675, -150.275, 223.746, 89.7487, 0.00654163, -57.7845, 0.265867, 131.534, 0.217279, 11.528, 0.217205, -108.445, 0.0485377, -48.5771
23, 1380.00000, 223.426, -30.2724, 223.675, -150.275, 223.746, 89.7487, 0.00654163, -57.7845, 0.265867, 131.534, 0.217279, 11.528, 0.217205, -108.445, 0.0485376, -48.5772
23, 1440.00000, 223.426, -30.2724, 223.675, -150.275, 223.746, 89.7487, 0.00654163, -57.7845, 0.265867, 131.534, 0.217279, 11.528, 0.217205, -108.445, 0.0485376, -48.5772
23, 1500.00000, 223.426, -30.2724, 223.675, -150.275, 223.746, 89.7487, 0.00654163, -57.7845, 0.265867, 131.534, 0.217279, 11.528, 0.217205, -108.445, 0.0485376, -48.5772
23, 1560.00000, 223.312, -30.2755, 223.622, -150.289, 223.7, 89.7441, 0.0034246, -121.406, 0.217633, 131.531, 0.26563, 11.5154, 0.241392, -108.451, 0.0416791, 161.776
23, 1620.00000, 223.312, -30.2755, 223.622, -150.289, 223.7, 89.7441, 0.00342462, -121.406, 0.217633, 131.531, 0.265631, 11.5154, 0.241392, -108.451, 0.0416793, 161.777
23, 1680.00000, 223.312, -30.2755, 223.622, -150.289, 223.7, 89.7441, 0.00342462, -121.406, 0.217633, 131.531, 0.265631, 11.5154, 0.241392, -108.451, 0.0416793, 161.777
23, 1740.00000, 223.312, -30.2755, 223.622, -150.289, 223.7, 89.7441, 0.00342462, -121.406, 0.217633, 131.531, 0.265631, 11.5154, 0.241392, -108.451, 0.0416793, 161.777
23, 1800.00000, 223.312, -30.2755, 223.622, -150.289, 223.7, 89.7441, 0.00342462, -121.406, 0.217633, 131.531, 0.265631, 11.5154, 0.241392, -108.451, 0.0416793, 161.777
23, 1860.00000, 223.471, -30.2732, 223.66, -150.274, 223.677, 89.7388, 0.00665296, -60.122, 0.289978, 131.533, 0.241439, 11.5291, 0.19313, -108.455, 0.083837, -78.4123
23, 1920.00000, 223.471, -30.2732, 223.66, -150.274, 223.677, 89.7387, 0.006653, -60.1221, 0.289978, 131.533, 0.241438, 11.5291, 0.19313, -108.455, 0.0838373, -78.4119
23, 1980.00000, 223.471, -30.2732, 223.66, -150.274, 223.677, 89.7387, 0.006653, -60.122, 0.289978, 131.533, 0.241438, 11.5291, 0.19313, -108.455, 0.0838373, -78.4119
23, 2040.00000, 223.471, -30.2732, 223.66, -150.274, 223.677, 89.7387, 0.006653, -60.122, 0.289978, 131.533, 0.241438, 11.5291, 0.19313, -108.455, 0.0838373, -78.4119
23, 2100.00000, 223.471, -30.2732, 223.66, -150.274, 223.677, 89.7387, 0.006653, -60.122, 0.289978, 131.533, 0.241438, 11.5291, 0.19313, -108.455, 0.0838373, -78.4119
23, 2160.00000, 223.466, -30.2615, 223.531, -150.281, 223.68, 89.7315, 0.00211696, -51.8498, 0.217485, 131.544, 0.265735, 11.5231, 0.289698, -108.463, 0.0637778, 112.493
23, 2220.00000, 223.466, -30.2615, 223.531, -150.281, 223.68, 89.7315, 0.00211698, -51.8495, 0.217485, 131.544, 0.265735, 11.5231, 0.289698, -108.463, 0.0637778, 112.493
23, 2280.00000, 223.466, -30.2615, 223.531, -150.281, 223.68, 89.7315, 0.00211698, -51.8495, 0.217485, 131.544, 0.265735, 11.5231, 0.289698, -108.463, 0.0637778, 112.493
23, 2340.00000, 223.466, -30.2615, 223.531, -150.281, 223.68, 89.7315, 0.00211698, -51.8495, 0.217485, 131.544, 0.265735, 11.5231, 0.289698, -108.463, 0.0637778, 112.493
23, 2400.00000, 223.466, -30.2615, 223.531, -150.281, 223.68, 89.7315, 0.00211698, -51.8495, 0.217485, 131.544, 0.265735, 11.5231, 0.289698, -108.463, 0.0637778, 112.493
23, 2460.00000, 223.503, -30.2677, 223.663, -150.275, 223.659, 89.7323, 0.00388117, -79.1895, 0.265771, 131.538, 0.313866, 11.5295, 0.265578, -108.462, 0.0481887, -168.318
23, 2520.00000, 223.503, -30.2677, 223.663, -150.275, 223.659, 89.7323, 0.00388111, -79.1894, 0.265771, 131.538, 0.313866, 11.5295, 0.265578, -108.462, 0.0481894, -168.318
23, 2580.00000, 223.503, -30.2677, 223.663, -150.275, 223.659, 89.7323, 0.00388111, -79.1894, 0.265771, 131.538, 0.313866, 11.5295, 0.265578, -108.462, 0.0481895, -168.318
23, 2640.00000, 223.503, -30.2677, 223.663, -150.275, 223.659, 89.7323, 0.00388111, -79.1894, 0.265771, 131.538, 0.313866, 11.5295, 0.265578, -108.462, 0.0481895, -168.318
23, 2700.00000, 223.503, -30.2677, 223.663, -150.275, 223.659, 89.7323, 0.00388111, -79.1894, 0.265771, 131.538, 0.313866, 11.5295, 0.265578, -108.462, 0.0481895, -168.318
23, 2760.00000, 223.456, -30.2911, 223.794, -150.261, 223.506, 89.7351, 0.00292853, -100.288, 0.169162, 131.515, 0.241293, 11.544, 0.289922, -108.46, 0.105193, 107.99
23, 2820.00000, 223.456, -30.2911, 223.795, -150.261, 223.506, 89.7352, 0.00292841, -100.289, 0.169161, 131.515, 0.241295, 11.5439, 0.289922, -108.46, 0.105194, 107.991
23, 2880.00000, 223.456, -30.2911, 223.795, -150.261, 223.506, 89.7352, 0.00292841, -100.289, 0.169161, 131.515, 0.241295, 11.5439, 0.289922, -108.46, 0.105194, 107.991
23, 2940.00000, 223.456, -30.2911, 223.795, -150.261, 223.506, 89.7352, 0.00292841, -100.289, 0.169161, 131.515, 0.241295, 11.5439, 0.289922, -108.46, 0.105194, 107.991
23, 3000.00000, 223.456, -30.2911, 223.795, -150.261, 223.506, 89.7352, 0.00292841, -100.289, 0.169161, 131.515, 0.241295, 11.5439, 0.289922, -108.46, 0.105194, 107.991
23, 3060.00000, 223.285, -30.2683, 223.662, -150.293, 223.709, 89.7471, 0.00629884, -80.6227, 0.217662, 131.538, 0.265584, 11.5103, 0.265517, -108.447, 0.0480579, 131.571
23, 3120.00000, 223.281, -30.2719, 223.657, -150.297, 223.705, 89.7435, 0.0062991, -80.6246, 0.217666, 131.534, 0.265587, 11.5067, 0.26552, -108.451, 0.0480568, 131.566
23, 3180.00000, 223.278, -30.275, 223.653, -150.3, 223.701, 89.7403, 0.00629924, -80.6264, 0.21767, 131.531, 0.265591, 11.5035, 0.265525, -108.454, 0.0480576, 131.563
23, 3240.00000, 223.278, -30.275, 223.653, -150.3, 223.701, 89.7403, 0.00629926, -80.6264, 0.21767, 131.531, 0.265592, 11.5035, 0.265525, -108.454, 0.0480577, 131.563
23, 3300.00000, 223.278, -30.275, 223.653, -150.3, 223.701, 89.7403, 0.00629926, -80.6264, 0.21767, 131.531, 0.265592, 11.5035, 0.265525, -108.454, 0.0480577, 131.563
23, 3360.00000, 223.41, -30.2843, 223.586, -150.3, 223.681, 89.7085, 0.000826013, -15.4799, 0.29005, 131.521, 0.217366, 11.5052, 0.289698, -108.486, 0.0725395, 11.3128
23, 3420.00000, 223.395, -30.2974, 223.57, -150.313, 223.666, 89.6952, 0.000826692, -15.483, 0.290067, 131.508, 0.217378, 11.4919, 0.289714, -108.499, 0.0725433, 11.2991
23, 3480.00000, 223.354, -30.3327, 223.528, -150.349, 223.627, 89.6595, 0.00082866, -15.4878, 0.290124, 131.472, 0.217422, 11.4563, 0.289768, -108.535, 0.0725579, 11.2625
23, 3540.00000, 223.323, -30.3582, 223.498, -150.374, 223.597, 89.6337, 0.000830052, -15.4902, 0.290163, 131.447, 0.217451, 11.4305, 0.289806, -108.561, 0.0725684, 11.2363
24, 0.00000, 223.323, -30.3582, 223.498, -150.374, 223.597, 89.6337, 0.000830056, -15.4904, 0.290163, 131.447, 0.217451, 11.4305, 0.289806, -108.561, 0.0725685, 11.2362
