hour, t(sec), V1, VAngle1, V2, VAngle2, V3, VAngle3, V4, VAngle4, I1, IAngle1, I2, IAngle2, I3, IAngle3, I4, IAngle4
0, 60.00000, 223.021, -30.1928, 223.302, -150.229, 223.481, 89.8165, 6.99249E-005, -136.224, 0.770779, 131.612, 0.769808, 11.5759, 0.683726, -108.378, 0.041098, -54.6529
0, 120.00000, 223.021, -30.1928, 223.302, -150.229, 223.481, 89.8165, 6.99254E-005, -136.224, 0.770781, 131.612, 0.769809, 11.5759, 0.683726, -108.378, 0.0410984, -54.6528
0, 180.00000, 223.021, -30.1928, 223.302, -150.229, 223.481, 89.8165, 6.99254E-005, -136.224, 0.770781, 131.612, 0.769809, 11.5759, 0.683726, -108.378, 0.0410984, -54.6528
0, 240.00000, 223.021, -30.1928, 223.302, -150.229, 223.481, 89.8165, 6.99254E-005, -136.224, 0.770781, 131.612, 0.769809, 11.5759, 0.683726, -108.378, 0.0410984, -54.6528
0, 300.00000, 223.021, -30.1928, 223.302, -150.229, 223.481, 89.8165, 6.99254E-005, -136.224, 0.770781, 131.612, 0.769809, 11.5759, 0.683726, -108.378, 0.0410984, -54.6528
0, 360.00000, 222.899, -30.2259, 223.494, -150.229, 223.32, 89.8266, 0.000256996, -59.3229, 0.942579, 131.579, 0.512766, 11.5759, 0.684221, -108.368, 0.216881, 16.7247
0, 420.00000, 222.899, -30.2259, 223.494, -150.229, 223.32, 89.8266, 0.000256997, -59.323, 0.94258, 131.579, 0.512766, 11.5759, 0.684221, -108.368, 0.216881, 16.7246
0, 480.00000, 222.899, -30.2259, 223.494, -150.229, 223.32, 89.8266, 0.000256997, -59.323, 0.94258, 131.579, 0.512766, 11.5759, 0.684221, -108.368, 0.216881, 16.7246
0, 540.00000, 222.899, -30.2259, 223.494, -150.229, 223.32, 89.8266, 0.000256997, -59.323, 0.94258, 131.579, 0.512766, 11.5759, 0.684221, -108.368, 0.216881, 16.7246
0, 600.00000, 222.899, -30.2259, 223.494, -150.229, 223.32, 89.8266, 0.000256997, -59.323, 0.94258, 131.579, 0.512766, 11.5759, 0.684221, -108.368, 0.216881, 16.7246
0, 660.00000, 222.927, -30.2172, 223.465, -150.226, 223.375, 89.8291, 9.53256E-005, 4.44691, 0.599747, 131.588, 0.512831, 11.5788, 0.684052, -108.366, 0.0917521, 79.835
0, 720.00000, 222.927, -30.2172, 223.465, -150.226, 223.375, 89.8291, 9.53262E-005, 4.44708, 0.599747, 131.588, 0.512831, 11.5788, 0.684053, -108.366, 0.0917526, 79.8351
0, 780.00000, 222.927, -30.2172, 223.465, -150.226, 223.375, 89.8291, 9.53262E-005, 4.44709, 0.599747, 131.588, 0.512831, 11.5788, 0.684053, -108.366, 0.0917526, 79.8351
0, 840.00000, 222.927, -30.2172, 223.465, -150.226, 223.375, 89.8291, 9.53262E-005, 4.44709, 0.599747, 131.588, 0.512831, 11.5788, 0.684053, -108.366, 0.0917526, 79.8351
0, 900.00000, 222.927, -30.2172, 223.465, -150.226, 223.375, 89.8291, 9.53262E-005, 4.44709, 0.599747, 131.588, 0.512831, 11.5788, 0.684053, -108.366, 0.0917526, 79.8351
0, 960.00000, 223.107, -30.1817, 223.087, -150.224, 223.373, 89.7873, 6.02247E-005, 171.463, 0.684898, 131.623, 0.770506, 11.5808, 0.684059, -108.408, 0.0360002, -132.505
0, 1020.00000, 223.108, -30.1817, 223.087, -150.224, 223.373, 89.7873, 6.02609E-005, 171.442, 0.684871, 131.623, 0.770552, 11.5808, 0.684058, -108.408, 0.0360339, -132.521
0, 1080.00000, 223.108, -30.1817, 223.087, -150.224, 223.373, 89.7873, 6.02609E-005, 171.442, 0.684871, 131.623, 0.770552, 11.5808, 0.684058, -108.408, 0.0360339, -132.521
0, 1140.00000, 223.108, -30.1817, 223.087, -150.224, 223.373, 89.7873, 6.02609E-005, 171.442, 0.684871, 131.623, 0.770552, 11.5808, 0.684058, -108.408, 0.0360339, -132.521
0, 1200.00000, 223.108, -30.1817, 223.087, -150.224, 223.373, 89.7873, 6.02609E-005, 171.442, 0.684871, 131.623, 0.770552, 11.5808, 0.684058, -108.408, 0.0360339, -132.521
0, 1260.00000, 223.04, -30.1763, 223.042, -150.236, 223.456, 89.7948, 4.59444E-005, 32.1164, 0.770712, 131.629, 0.770705, 11.5695, 0.854757, -108.4, 0.0572902, 102.263
0, 1320.00000, 223.04, -30.1763, 223.042, -150.236, 223.456, 89.7948, 4.5943E-005, 32.1172, 0.770712, 131.629, 0.770706, 11.5695, 0.854756, -108.4, 0.057289, 102.263
0, 1380.00000, 223.04, -30.1763, 223.042, -150.236, 223.456, 89.7948, 4.5943E-005, 32.1172, 0.770712, 131.629, 0.770706, 11.5695, 0.854756, -108.4, 0.057289, 102.263
0, 1440.00000, 223.04, -30.1763, 223.042, -150.236, 223.456, 89.7948, 4.5943E-005, 32.1172, 0.770712, 131.629, 0.770706, 11.5695, 0.854756, -108.4, 0.057289, 102.263
0, 1500.00000, 223.04, -30.1763, 223.042, -150.236, 223.456, 89.7948, 4.5943E-005, 32.1172, 0.770712, 131.629, 0.770706, 11.5695, 0.854756, -108.4, 0.057289, 102.263
0, 1560.00000, 222.974, -30.2108, 223.482, -150.229, 223.445, 89.8326, 0.000155459, -43.3698, 0.770943, 131.594, 0.512793, 11.5763, 0.683837, -108.362, 0.135398, 34.3043
0, 1620.00000, 222.974, -30.2108, 223.482, -150.229, 223.445, 89.8326, 0.000155459, -43.3698, 0.770943, 131.594, 0.512793, 11.5763, 0.683837, -108.362, 0.135398, 34.3043
0, 1680.00000, 222.974, -30.2108, 223.482, -150.229, 223.445, 89.8326, 0.000155459, -43.3698, 0.770943, 131.594, 0.512793, 11.5763, 0.683837, -108.362, 0.135398, 34.3043
0, 1740.00000, 222.974, -30.2108, 223.482, -150.229, 223.445, 89.8326, 0.000155459, -43.3698, 0.770943, 131.594, 0.512793, 11.5763, 0.683837, -108.362, 0.135398, 34.3043
0, 1800.00000, 222.974, -30.2108, 223.482, -150.229, 223.445, 89.8326, 0.000155459, -43.3698, 0.770943, 131.594, 0.512793, 11.5763, 0.683837, -108.362, 0.135398, 34.3043
0, 1860.00000, 223.018, -30.219, 223.34, -150.217, 223.264, 89.8065, 1.1707E-005, -114.29, 0.685145, 131.586, 0.68416, 11.5881, 0.684392, -108.388, 0.0114996, 62.7847
0, 1920.00000, 223.018, -30.219, 223.34, -150.217, 223.264, 89.8065, 1.17069E-005, -114.288, 0.685145, 131.586, 0.684159, 11.5881, 0.684392, -108.388, 0.0115001, 62.7848
0, 1980.00000, 223.018, -30.219, 223.34, -150.217, 223.264, 89.8065, 1.17069E-005, -114.288, 0.685145, 131.586, 0.684159, 11.5881, 0.684392, -108.388, 0.0115001, 62.7848
0, 2040.00000, 223.018, -30.219, 223.34, -150.217, 223.264, 89.8065, 1.17069E-005, -114.288, 0.685145, 131.586, 0.684159, 11.5881, 0.684392, -108.388, 0.0115001, 62.7848
0, 2100.00000, 223.018, -30.219, 223.34, -150.217, 223.264, 89.8065, 1.17069E-005, -114.288, 0.685145, 131.586, 0.684159, 11.5881, 0.684392, -108.388, 0.0115001, 62.7848
0, 2160.00000, 223.16, -30.179, 223.199, -150.229, 223.491, 89.7947, 0.000222732, 38.0238, 0.513534, 131.626, 0.513443, 11.5761, 0.854623, -108.4, 0.198678, 109.883
0, 2220.00000, 223.16, -30.179, 223.199, -150.229, 223.491, 89.7947, 0.000222732, 38.0238, 0.513533, 131.626, 0.513442, 11.5761, 0.854623, -108.4, 0.198678, 109.883
0, 2280.00000, 223.16, -30.179, 223.199, -150.229, 223.491, 89.7947, 0.000222732, 38.0238, 0.513533, 131.626, 0.513442, 11.5761, 0.854623, -108.4, 0.198678, 109.883
0, 2340.00000, 223.16, -30.179, 223.199, -150.229, 223.491, 89.7947, 0.000222732, 38.0238, 0.513533, 131.626, 0.513442, 11.5761, 0.854623, -108.4, 0.198678, 109.883
0, 2400.00000, 223.16, -30.179, 223.199, -150.229, 223.491, 89.7947, 0.000222732, 38.0238, 0.513533, 131.626, 0.513442, 11.5761, 0.854623, -108.4, 0.198678, 109.883
0, 2460.00000, 223.045, -30.2307, 223.502, -150.206, 223.19, 89.8116, 8.83852E-005, 69.2367, 0.599429, 131.574, 0.683664, 11.599, 0.770194, -108.383, 0.0867872, 134.069
0, 2520.00000, 223.045, -30.2307, 223.502, -150.206, 223.19, 89.8116, 8.83855E-005, 69.2356, 0.59943, 131.574, 0.683663, 11.599, 0.770195, -108.383, 0.0867877, 134.068
0, 2580.00000, 223.045, -30.2307, 223.502, -150.206, 223.19, 89.8116, 8.83855E-005, 69.2356, 0.59943, 131.574, 0.683663, 11.599, 0.770195, -108.383, 0.0867877, 134.068
0, 2640.00000, 223.045, -30.2307, 223.502, -150.206, 223.19, 89.8116, 8.83855E-005, 69.2356, 0.59943, 131.574, 0.683663, 11.599, 0.770195, -108.383, 0.0867877, 134.068
0, 2700.00000, 223.045, -30.2307, 223.502, -150.206, 223.19, 89.8116, 8.83855E-005, 69.2356, 0.59943, 131.574, 0.683663, 11.599, 0.770195, -108.383, 0.0867877, 134.068
0, 2760.00000, 223.05, -30.2105, 223.309, -150.201, 223.226, 89.8071, 0.000106413, 36.5194, 0.599416, 131.595, 0.598722, 11.6041, 0.770071, -108.388, 0.103518, 107.52
0, 2820.00000, 223.05, -30.2105, 223.309, -150.201, 223.226, 89.8071, 0.000106413, 36.5192, 0.599417, 131.595, 0.598722, 11.6041, 0.77007, -108.388, 0.103517, 107.52
0, 2880.00000, 223.05, -30.2105, 223.309, -150.201, 223.226, 89.8071, 0.000106413, 36.5192, 0.599417, 131.595, 0.598722, 11.6041, 0.77007, -108.388, 0.103517, 107.52
0, 2940.00000, 223.05, -30.2105, 223.309, -150.201, 223.226, 89.8071, 0.000106413, 36.5192, 0.599417, 131.595, 0.598722, 11.6041, 0.77007, -108.388, 0.103517, 107.52
0, 3000.00000, 223.05, -30.2105, 223.309, -150.201, 223.226, 89.8071, 0.000106413, 36.5192, 0.599417, 131.595, 0.598722, 11.6041, 0.77007, -108.388, 0.103517, 107.52
0, 3060.00000, 223.034, -30.202, 223.323, -150.227, 223.405, 89.8009, 0.000105091, -56.096, 0.770735, 131.603, 0.598683, 11.5778, 0.683959, -108.394, 0.0915299, 25.7444
0, 3120.00000, 223.034, -30.202, 223.323, -150.227, 223.405, 89.8009, 0.00010509, -56.0959, 0.770734, 131.603, 0.598684, 11.5778, 0.683959, -108.394, 0.0915289, 25.7447
0, 3180.00000, 223.034, -30.202, 223.323, -150.227, 223.405, 89.8009, 0.00010509, -56.0959, 0.770734, 131.603, 0.598684, 11.5778, 0.683959, -108.394, 0.0915289, 25.7447
0, 3240.00000, 223.034, -30.202, 223.323, -150.227, 223.405, 89.8009, 0.00010509, -56.0959, 0.770734, 131.603, 0.598684, 11.5778, 0.683959, -108.394, 0.0915289, 25.7447
0, 3300.00000, 223.034, -30.202, 223.323, -150.227, 223.405, 89.8009, 0.00010509, -56.0959, 0.770734, 131.603, 0.598684, 11.5778, 0.683959, -108.394, 0.0915289, 25.7447
0, 3360.00000, 223.149, -30.1994, 223.272, -150.222, 223.352, 89.7947, 4.85849E-005, 106.651, 0.599151, 131.606, 0.684366, 11.5834, 0.684123, -108.4, 0.0460493, 158.098
0, 3420.00000, 223.149, -30.1994, 223.272, -150.222, 223.352, 89.7947, 4.85861E-005, 106.652, 0.59915, 131.606, 0.684368, 11.5834, 0.684122, -108.4, 0.0460499, 158.099
0, 3480.00000, 223.149, -30.1994, 223.272, -150.222, 223.352, 89.7947, 4.85861E-005, 106.652, 0.59915, 131.606, 0.684368, 11.5834, 0.684122, -108.4, 0.0460499, 158.099
0, 3540.00000, 223.149, -30.1994, 223.272, -150.222, 223.352, 89.7947, 4.85861E-005, 106.652, 0.59915, 131.606, 0.684368, 11.5834, 0.684122, -108.4, 0.0460499, 158.099
1, 0.00000, 223.149, -30.1994, 223.272, -150.222, 223.352, 89.7947, 4.85861E-005, 106.652, 0.59915, 131.606, 0.684368, 11.5834, 0.684122, -108.4, 0.0460499, 158.099
1, 60.00000, 223.476, -30.1659, 223.771, -150.177, 223.717, 89.8471, 0.000115067, -24.6321, 0.598276, 131.639, 0.426777, 11.6282, 0.597631, -108.348, 0.103479, 52.4765
1, 120.00000, 223.476, -30.1659, 223.771, -150.177, 223.717, 89.8471, 0.000115067, -24.6321, 0.598275, 131.639, 0.426776, 11.6282, 0.59763, -108.348, 0.103479, 52.4764
1, 180.00000, 223.476, -30.1659, 223.771, -150.177, 223.717, 89.8471, 0.000115067, -24.6321, 0.598275, 131.639, 0.426776, 11.6282, 0.59763, -108.348, 0.103479, 52.4764
1, 240.00000, 223.476, -30.1659, 223.771, -150.177, 223.717, 89.8471, 0.000115067, -24.6321, 0.598275, 131.639, 0.426776, 11.6282, 0.59763, -108.348, 0.103479, 52.4764
1, 300.00000, 223.476, -30.1659, 223.771, -150.177, 223.717, 89.8471, 0.000115067, -24.6321, 0.598275, 131.639, 0.426776, 11.6282, 0.59763, -108.348, 0.103479, 52.4764
1, 360.00000, 223.474, -30.1644, 223.711, -150.185, 223.765, 89.8495, 5.76701E-005, -29.7207, 0.598279, 131.641, 0.512269, 11.6198, 0.597504, -108.345, 0.0565945, 53.4061
1, 420.00000, 223.474, -30.1644, 223.711, -150.185, 223.765, 89.8495, 5.76698E-005, -29.7215, 0.59828, 131.641, 0.512269, 11.6198, 0.597503, -108.345, 0.0565941, 53.4055
1, 480.00000, 223.474, -30.1644, 223.711, -150.185, 223.765, 89.8495, 5.76698E-005, -29.7215, 0.59828, 131.641, 0.512269, 11.6198, 0.597503, -108.345, 0.0565941, 53.4055
1, 540.00000, 223.474, -30.1644, 223.711, -150.185, 223.765, 89.8495, 5.76698E-005, -29.7215, 0.59828, 131.641, 0.512269, 11.6198, 0.597503, -108.345, 0.0565941, 53.4055
1, 600.00000, 223.474, -30.1644, 223.711, -150.185, 223.765, 89.8495, 5.76698E-005, -29.7215, 0.59828, 131.641, 0.512269, 11.6198, 0.597503, -108.345, 0.0565941, 53.4055
1, 660.00000, 223.289, -30.1703, 223.782, -150.194, 223.805, 89.864, 4.93362E-005, 105.698, 0.513237, 131.635, 0.597456, 11.6112, 0.597395, -108.331, 0.0458044, 159.895
1, 720.00000, 223.289, -30.1703, 223.782, -150.194, 223.805, 89.864, 4.93362E-005, 105.698, 0.513237, 131.635, 0.597456, 11.6112, 0.597395, -108.331, 0.0458045, 159.894
1, 780.00000, 223.289, -30.1703, 223.782, -150.194, 223.805, 89.864, 4.93362E-005, 105.698, 0.513237, 131.635, 0.597456, 11.6112, 0.597395, -108.331, 0.0458045, 159.894
1, 840.00000, 223.289, -30.1703, 223.782, -150.194, 223.805, 89.864, 4.93362E-005, 105.698, 0.513237, 131.635, 0.597456, 11.6112, 0.597395, -108.331, 0.0458045, 159.894
1, 900.00000, 223.289, -30.1703, 223.782, -150.194, 223.805, 89.864, 4.93362E-005, 105.698, 0.513237, 131.635, 0.597456, 11.6112, 0.597395, -108.331, 0.0458045, 159.894
1, 960.00000, 223.449, -30.1699, 223.631, -150.194, 223.776, 89.8361, 8.77663E-006, -115.317, 0.512868, 131.635, 0.512451, 11.6108, 0.51212, -108.359, 0.00845683, 63.0652
1, 1020.00000, 223.449, -30.1699, 223.631, -150.194, 223.776, 89.8361, 8.77739E-006, -115.317, 0.512869, 131.635, 0.512451, 11.6108, 0.51212, -108.359, 0.00845669, 63.061
1, 1080.00000, 223.449, -30.1699, 223.631, -150.194, 223.776, 89.8361, 8.7774E-006, -115.317, 0.512869, 131.635, 0.512451, 11.6108, 0.51212, -108.359, 0.0084567, 63.0609
1, 1140.00000, 223.449, -30.1699, 223.631, -150.194, 223.776, 89.8361, 8.7774E-006, -115.317, 0.512869, 131.635, 0.512451, 11.6108, 0.51212, -108.359, 0.0084567, 63.0609
1, 1200.00000, 223.449, -30.1699, 223.631, -150.194, 223.776, 89.8361, 8.7774E-006, -115.317, 0.512869, 131.635, 0.512451, 11.6108, 0.51212, -108.359, 0.0084567, 63.0609
1, 1260.00000, 223.559, -30.1584, 223.588, -150.177, 223.728, 89.8288, 0.000166293, 37.9423, 0.427182, 131.647, 0.427125, 11.6277, 0.682973, -108.366, 0.149402, 109.728
1, 1320.00000, 223.559, -30.1584, 223.588, -150.177, 223.728, 89.8288, 0.000166294, 37.9424, 0.427181, 131.647, 0.427124, 11.6277, 0.682973, -108.366, 0.149403, 109.728
1, 1380.00000, 223.559, -30.1584, 223.588, -150.177, 223.728, 89.8288, 0.000166294, 37.9424, 0.427181, 131.647, 0.427124, 11.6277, 0.682973, -108.366, 0.149403, 109.728
1, 1440.00000, 223.559, -30.1584, 223.588, -150.177, 223.728, 89.8288, 0.000166294, 37.9424, 0.427181, 131.647, 0.427124, 11.6277, 0.682973, -108.366, 0.149403, 109.728
1, 1500.00000, 223.559, -30.1584, 223.588, -150.177, 223.728, 89.8288, 0.000166294, 37.9424, 0.427181, 131.647, 0.427124, 11.6277, 0.682973, -108.366, 0.149403, 109.728
1, 1560.00000, 223.599, -30.1776, 223.79, -150.168, 223.73, 89.833, 5.05959E-005, 104.434, 0.427104, 131.628, 0.512088, 11.6371, 0.512226, -108.362, 0.0462369, 161.591
1, 1620.00000, 223.599, -30.1776, 223.79, -150.168, 223.73, 89.833, 5.05955E-005, 104.434, 0.427105, 131.628, 0.512087, 11.6371, 0.512226, -108.362, 0.0462366, 161.59
1, 1680.00000, 223.599, -30.1776, 223.79, -150.168, 223.73, 89.833, 5.05955E-005, 104.434, 0.427105, 131.628, 0.512087, 11.6371, 0.512226, -108.362, 0.0462366, 161.59
1, 1740.00000, 223.599, -30.1776, 223.79, -150.168, 223.73, 89.833, 5.05955E-005, 104.434, 0.427105, 131.628, 0.512087, 11.6371, 0.512226, -108.362, 0.0462366, 161.59
1, 1800.00000, 223.599, -30.1776, 223.79, -150.168, 223.73, 89.833, 5.05955E-005, 104.434, 0.427105, 131.628, 0.512087, 11.6371, 0.512226, -108.362, 0.0462366, 161.59
1, 1860.00000, 223.388, -30.1763, 223.735, -150.18, 223.715, 89.8514, 8.85255E-006, -114.449, 0.513008, 131.629, 0.512212, 11.6253, 0.51226, -108.343, 0.00858879, 62.5017
1, 1920.00000, 223.388, -30.1763, 223.735, -150.18, 223.715, 89.8514, 8.85311E-006, -114.45, 0.513008, 131.629, 0.512213, 11.6253, 0.512259, -108.343, 0.00858853, 62.4989
1, 1980.00000, 223.388, -30.1763, 223.735, -150.18, 223.715, 89.8514, 8.85312E-006, -114.45, 0.513008, 131.629, 0.512213, 11.6253, 0.512259, -108.343, 0.00858853, 62.4989
1, 2040.00000, 223.388, -30.1763, 223.735, -150.18, 223.715, 89.8514, 8.85312E-006, -114.45, 0.513008, 131.629, 0.512213, 11.6253, 0.512259, -108.343, 0.00858853, 62.4989
1, 2100.00000, 223.388, -30.1763, 223.735, -150.18, 223.715, 89.8514, 8.85312E-006, -114.45, 0.513008, 131.629, 0.512213, 11.6253, 0.512259, -108.343, 0.00858853, 62.4989
1, 2160.00000, 223.539, -30.1608, 223.564, -150.174, 223.697, 89.8297, 1.01087E-005, -115.485, 0.598105, 131.644, 0.598039, 11.6312, 0.597683, -108.365, 0.00985222, 63.8107
1, 2220.00000, 223.54, -30.1608, 223.564, -150.174, 223.697, 89.8297, 1.01082E-005, -115.485, 0.598105, 131.644, 0.598039, 11.6312, 0.597683, -108.365, 0.00985236, 63.8129
1, 2280.00000, 223.54, -30.1608, 223.564, -150.174, 223.697, 89.8297, 1.01082E-005, -115.485, 0.598105, 131.644, 0.598039, 11.6312, 0.597683, -108.365, 0.00985236, 63.813
1, 2340.00000, 223.54, -30.1608, 223.564, -150.174, 223.697, 89.8297, 1.01082E-005, -115.485, 0.598105, 131.644, 0.598039, 11.6312, 0.597683, -108.365, 0.00985236, 63.813
1, 2400.00000, 223.54, -30.1608, 223.564, -150.174, 223.697, 89.8297, 1.01082E-005, -115.485, 0.598105, 131.644, 0.598039, 11.6312, 0.597683, -108.365, 0.00985236, 63.813
1, 2460.00000, 223.576, -30.1816, 223.792, -150.154, 223.58, 89.8416, 0.000104016, -55.221, 0.683441, 131.624, 0.512094, 11.6509, 0.597984, -108.353, 0.0901124, 25.4309
1, 2520.00000, 223.577, -30.1816, 223.793, -150.154, 223.58, 89.8416, 0.000104018, -55.2131, 0.683435, 131.624, 0.512081, 11.651, 0.597997, -108.353, 0.0901162, 25.4381
1, 2580.00000, 223.577, -30.1816, 223.793, -150.154, 223.58, 89.8416, 0.000104018, -55.213, 0.683435, 131.624, 0.512081, 11.651, 0.597997, -108.353, 0.0901162, 25.4381
1, 2640.00000, 223.577, -30.1816, 223.793, -150.154, 223.58, 89.8416, 0.000104018, -55.213, 0.683435, 131.624, 0.512081, 11.651, 0.597997, -108.353, 0.0901162, 25.4381
1, 2700.00000, 223.577, -30.1816, 223.793, -150.154, 223.58, 89.8416, 0.000104018, -55.213, 0.683435, 131.624, 0.512081, 11.651, 0.597997, -108.353, 0.0901162, 25.4381
1, 2760.00000, 223.561, -30.1582, 223.642, -150.18, 223.801, 89.8299, 4.86073E-005, 33.816, 0.598048, 131.647, 0.597831, 11.6249, 0.682749, -108.365, 0.0552191, 104.059
1, 2820.00000, 223.561, -30.1582, 223.642, -150.18, 223.801, 89.8299, 4.86071E-005, 33.8162, 0.598048, 131.647, 0.597832, 11.6249, 0.682748, -108.365, 0.0552189, 104.059
1, 2880.00000, 223.561, -30.1582, 223.642, -150.18, 223.801, 89.8299, 4.86071E-005, 33.8162, 0.598048, 131.647, 0.597832, 11.6249, 0.682748, -108.365, 0.0552189, 104.059
1, 2940.00000, 223.561, -30.1582, 223.642, -150.18, 223.801, 89.8299, 4.86071E-005, 33.8162, 0.598048, 131.647, 0.597832, 11.6249, 0.682748, -108.365, 0.0552189, 104.059
1, 3000.00000, 223.561, -30.1582, 223.642, -150.18, 223.801, 89.8299, 4.86071E-005, 33.8162, 0.598048, 131.647, 0.597832, 11.6249, 0.682748, -108.365, 0.0552189, 104.059
1, 3060.00000, 223.417, -30.1858, 223.879, -150.178, 223.712, 89.8529, 5.7882E-005, -29.8283, 0.598433, 131.619, 0.511884, 11.6274, 0.597643, -108.342, 0.056789, 53.2935
1, 3120.00000, 223.417, -30.1858, 223.879, -150.178, 223.712, 89.8529, 5.78822E-005, -29.8287, 0.598434, 131.619, 0.511884, 11.6274, 0.597642, -108.342, 0.0567891, 53.2931
1, 3180.00000, 223.417, -30.1858, 223.879, -150.178, 223.712, 89.8529, 5.78822E-005, -29.8287, 0.598434, 131.619, 0.511884, 11.6274, 0.597642, -108.342, 0.0567891, 53.2931
1, 3240.00000, 223.417, -30.1858, 223.879, -150.178, 223.712, 89.8529, 5.78822E-005, -29.8287, 0.598434, 131.619, 0.511884, 11.6274, 0.597642, -108.342, 0.0567891, 53.2931
1, 3300.00000, 223.417, -30.1858, 223.879, -150.178, 223.712, 89.8529, 5.78822E-005, -29.8287, 0.598434, 131.619, 0.511884, 11.6274, 0.597642, -108.342, 0.0567891, 53.2931
1, 3360.00000, 223.538, -30.1677, 223.712, -150.18, 223.736, 89.8353, 5.06676E-005, 104.521, 0.427222, 131.637, 0.512265, 11.6254, 0.51221, -108.36, 0.0462216, 161.624
1, 3420.00000, 223.538, -30.1676, 223.712, -150.18, 223.736, 89.8353, 5.06688E-005, 104.521, 0.427221, 131.637, 0.512266, 11.6253, 0.51221, -108.36, 0.0462225, 161.625
1, 3480.00000, 223.538, -30.1676, 223.712, -150.18, 223.736, 89.8353, 5.06688E-005, 104.521, 0.427221, 131.637, 0.512266, 11.6253, 0.51221, -108.36, 0.0462225, 161.625
1, 3540.00000, 223.538, -30.1676, 223.712, -150.18, 223.736, 89.8353, 5.06688E-005, 104.521, 0.427221, 131.637, 0.512266, 11.6253, 0.51221, -108.36, 0.0462225, 161.625
2, 0.00000, 223.538, -30.1676, 223.712, -150.18, 223.736, 89.8353, 5.06688E-005, 104.521, 0.427221, 131.637, 0.512266, 11.6253, 0.51221, -108.36, 0.0462225, 161.625
2, 60.00000, 223.574, -30.1507, 223.832, -150.165, 223.905, 89.8638, 0.000164745, 37.713, 0.512582, 131.654, 0.511992, 11.64, 0.767736, -108.331, 0.150163, 109.308
2, 120.00000, 223.574, -30.1507, 223.832, -150.165, 223.905, 89.8638, 0.000164745, 37.713, 0.512582, 131.654, 0.511992, 11.64, 0.767735, -108.331, 0.150162, 109.308
2, 180.00000, 223.574, -30.1507, 223.832, -150.165, 223.905, 89.8638, 0.000164745, 37.713, 0.512582, 131.654, 0.511992, 11.64, 0.767735, -108.331, 0.150162, 109.308
2, 240.00000, 223.574, -30.1507, 223.832, -150.165, 223.905, 89.8638, 0.000164745, 37.713, 0.512582, 131.654, 0.511992, 11.64, 0.767735, -108.331, 0.150162, 109.308
2, 300.00000, 223.574, -30.1507, 223.832, -150.165, 223.905, 89.8638, 0.000164745, 37.713, 0.512582, 131.654, 0.511992, 11.64, 0.767735, -108.331, 0.150162, 109.308
2, 360.00000, 223.565, -30.1494, 223.927, -150.172, 223.939, 89.8669, 5.7607E-005, -28.3485, 0.512602, 131.656, 0.426478, 11.6333, 0.511746, -108.328, 0.055244, 53.0512
2, 420.00000, 223.565, -30.1494, 223.927, -150.172, 223.939, 89.8669, 5.76073E-005, -28.3486, 0.512602, 131.656, 0.426478, 11.6333, 0.511746, -108.328, 0.0552443, 53.0511
2, 480.00000, 223.565, -30.1494, 223.927, -150.172, 223.939, 89.8669, 5.76073E-005, -28.3486, 0.512602, 131.656, 0.426478, 11.6333, 0.511746, -108.328, 0.0552443, 53.0511
2, 540.00000, 223.565, -30.1494, 223.927, -150.172, 223.939, 89.8669, 5.76073E-005, -28.3486, 0.512602, 131.656, 0.426478, 11.6333, 0.511746, -108.328, 0.0552443, 53.0511
2, 600.00000, 223.565, -30.1494, 223.927, -150.172, 223.939, 89.8669, 5.76073E-005, -28.3486, 0.512602, 131.656, 0.426478, 11.6333, 0.511746, -108.328, 0.0552443, 53.0511
2, 660.00000, 223.654, -30.1481, 223.918, -150.16, 223.934, 89.8672, 5.76747E-005, -29.7303, 0.597803, 131.657, 0.511796, 11.6451, 0.597054, -108.328, 0.0565841, 53.3941
2, 720.00000, 223.654, -30.1481, 223.918, -150.16, 223.934, 89.8672, 5.76733E-005, -29.729, 0.597798, 131.657, 0.511794, 11.6452, 0.597052, -108.328, 0.0565832, 53.3954
2, 780.00000, 223.654, -30.1481, 223.918, -150.16, 223.934, 89.8672, 5.76733E-005, -29.729, 0.597798, 131.657, 0.511794, 11.6452, 0.597052, -108.328, 0.0565832, 53.3954
2, 840.00000, 223.654, -30.1481, 223.918, -150.16, 223.934, 89.8672, 5.76733E-005, -29.729, 0.597798, 131.657, 0.511794, 11.6452, 0.597052, -108.328, 0.0565832, 53.3954
2, 900.00000, 223.654, -30.1481, 223.918, -150.16, 223.934, 89.8672, 5.76733E-005, -29.729, 0.597798, 131.657, 0.511794, 11.6452, 0.597052, -108.328, 0.0565832, 53.3954
2, 960.00000, 223.548, -30.1659, 223.991, -150.164, 223.807, 89.8709, 0.000123004, -139.054, 0.512641, 131.639, 0.511627, 11.6411, 0.341365, -108.324, 0.090846, -64.055
2, 1020.00000, 223.548, -30.1659, 223.991, -150.164, 223.807, 89.8709, 0.000123004, -139.055, 0.51264, 131.639, 0.511627, 11.6411, 0.341365, -108.324, 0.0908461, -64.0553
2, 1080.00000, 223.548, -30.1659, 223.991, -150.164, 223.807, 89.8709, 0.000123004, -139.055, 0.51264, 131.639, 0.511627, 11.6411, 0.341365, -108.324, 0.0908461, -64.0553
2, 1140.00000, 223.548, -30.1659, 223.991, -150.164, 223.807, 89.8709, 0.000123004, -139.055, 0.51264, 131.639, 0.511627, 11.6411, 0.341365, -108.324, 0.0908461, -64.0553
2, 1200.00000, 223.548, -30.1659, 223.991, -150.164, 223.807, 89.8709, 0.000123004, -139.055, 0.51264, 131.639, 0.511627, 11.6411, 0.341365, -108.324, 0.0908461, -64.0553
2, 1260.00000, 223.875, -30.1479, 223.839, -150.146, 223.834, 89.8391, 9.66823E-005, 6.26311, 0.426595, 131.657, 0.34131, 11.659, 0.511987, -108.356, 0.0888667, 80.6705
2, 1320.00000, 223.875, -30.1479, 223.839, -150.146, 223.834, 89.8391, 9.66766E-005, 6.27107, 0.426578, 131.657, 0.341317, 11.659, 0.511986, -108.356, 0.0888624, 80.6778
2, 1380.00000, 223.875, -30.1479, 223.839, -150.146, 223.834, 89.8391, 9.66766E-005, 6.27108, 0.426578, 131.657, 0.341317, 11.659, 0.511986, -108.356, 0.0888624, 80.6778
2, 1440.00000, 223.875, -30.1479, 223.839, -150.146, 223.834, 89.8391, 9.66766E-005, 6.27108, 0.426578, 131.657, 0.341317, 11.659, 0.511986, -108.356, 0.0888624, 80.6778
2, 1500.00000, 223.875, -30.1479, 223.839, -150.146, 223.834, 89.8391, 9.66766E-005, 6.27108, 0.426578, 131.657, 0.341317, 11.659, 0.511986, -108.356, 0.0888624, 80.6778
2, 1560.00000, 223.761, -30.1477, 223.798, -150.148, 223.839, 89.8462, 0.000146577, 121.297, 0.341436, 131.657, 0.597415, 11.6571, 0.511975, -108.349, 0.121778, -172.872
2, 1620.00000, 223.761, -30.1477, 223.798, -150.148, 223.839, 89.8462, 0.000146576, 121.297, 0.341436, 131.657, 0.597415, 11.6571, 0.511975, -108.349, 0.121778, -172.872
2, 1680.00000, 223.761, -30.1477, 223.798, -150.148, 223.839, 89.8462, 0.000146576, 121.297, 0.341436, 131.657, 0.597415, 11.6571, 0.511975, -108.349, 0.121778, -172.872
2, 1740.00000, 223.761, -30.1477, 223.798, -150.148, 223.839, 89.8462, 0.000146576, 121.297, 0.341436, 131.657, 0.597415, 11.6571, 0.511975, -108.349, 0.121778, -172.872
2, 1800.00000, 223.761, -30.1477, 223.798, -150.148, 223.839, 89.8462, 0.000146576, 121.297, 0.341436, 131.657, 0.597415, 11.6571, 0.511975, -108.349, 0.121778, -172.872
2, 1860.00000, 223.661, -30.1315, 223.766, -150.167, 223.989, 89.8511, 5.92385E-005, 168.866, 0.512377, 131.674, 0.597498, 11.6378, 0.511635, -108.344, 0.0385867, -131.163
2, 1920.00000, 223.661, -30.1315, 223.766, -150.167, 223.989, 89.8511, 5.9239E-005, 168.87, 0.512383, 131.674, 0.597499, 11.6377, 0.511632, -108.344, 0.0385863, -131.158
2, 1980.00000, 223.661, -30.1315, 223.766, -150.167, 223.989, 89.8511, 5.9239E-005, 168.87, 0.512383, 131.674, 0.597499, 11.6377, 0.511632, -108.344, 0.0385863, -131.158
2, 2040.00000, 223.661, -30.1315, 223.766, -150.167, 223.989, 89.8511, 5.9239E-005, 168.87, 0.512383, 131.674, 0.597499, 11.6377, 0.511632, -108.344, 0.0385863, -131.158
2, 2100.00000, 223.661, -30.1315, 223.766, -150.167, 223.989, 89.8511, 5.9239E-005, 168.87, 0.512383, 131.674, 0.597499, 11.6377, 0.511632, -108.344, 0.0385863, -131.158
2, 2160.00000, 223.637, -30.1454, 223.892, -150.172, 224, 89.8615, 0.000102492, -53.9503, 0.512434, 131.66, 0.34124, 11.6328, 0.426341, -108.333, 0.0878524, 24.1314
2, 2220.00000, 223.637, -30.1454, 223.892, -150.172, 224, 89.8615, 0.000102496, -53.9506, 0.512437, 131.66, 0.341236, 11.6328, 0.426339, -108.333, 0.0878557, 24.1309
2, 2280.00000, 223.637, -30.1454, 223.892, -150.172, 224, 89.8615, 0.000102496, -53.9506, 0.512437, 131.66, 0.341236, 11.6328, 0.426339, -108.333, 0.0878557, 24.1309
2, 2340.00000, 223.637, -30.1454, 223.892, -150.172, 224, 89.8615, 0.000102496, -53.9506, 0.512437, 131.66, 0.341236, 11.6328, 0.426339, -108.333, 0.0878557, 24.1309
2, 2400.00000, 223.637, -30.1454, 223.892, -150.172, 224, 89.8615, 0.000102496, -53.9506, 0.512437, 131.66, 0.341236, 11.6328, 0.426339, -108.333, 0.0878557, 24.1309
2, 2460.00000, 223.606, -30.1433, 223.852, -150.165, 223.953, 89.8628, 5.76642E-005, -29.8096, 0.597927, 131.662, 0.511946, 11.6406, 0.597, -108.332, 0.0565671, 53.3304
2, 2520.00000, 223.606, -30.1433, 223.852, -150.165, 223.953, 89.8628, 5.76643E-005, -29.8099, 0.597928, 131.662, 0.511946, 11.6406, 0.597, -108.332, 0.0565671, 53.3301
2, 2580.00000, 223.606, -30.1433, 223.852, -150.165, 223.953, 89.8628, 5.76643E-005, -29.8099, 0.597928, 131.662, 0.511946, 11.6406, 0.597, -108.332, 0.0565671, 53.3301
2, 2640.00000, 223.606, -30.1433, 223.852, -150.165, 223.953, 89.8628, 5.76643E-005, -29.8099, 0.597928, 131.662, 0.511946, 11.6406, 0.597, -108.332, 0.0565671, 53.3301
2, 2700.00000, 223.606, -30.1433, 223.852, -150.165, 223.953, 89.8628, 5.76643E-005, -29.8099, 0.597928, 131.662, 0.511946, 11.6406, 0.597, -108.332, 0.0565671, 53.3301
2, 2760.00000, 223.546, -30.1575, 223.958, -150.163, 223.893, 89.8801, 0.000166088, 37.9336, 0.427206, 131.648, 0.426419, 11.6423, 0.68247, -108.315, 0.149244, 109.691
2, 2820.00000, 223.546, -30.1575, 223.958, -150.163, 223.893, 89.8801, 0.000166088, 37.9336, 0.427206, 131.648, 0.426419, 11.6423, 0.68247, -108.315, 0.149245, 109.692
2, 2880.00000, 223.546, -30.1575, 223.958, -150.163, 223.893, 89.8801, 0.000166088, 37.9336, 0.427206, 131.648, 0.426419, 11.6423, 0.68247, -108.315, 0.149245, 109.692
2, 2940.00000, 223.546, -30.1575, 223.958, -150.163, 223.893, 89.8801, 0.000166088, 37.9336, 0.427206, 131.648, 0.426419, 11.6423, 0.68247, -108.315, 0.149245, 109.692
2, 3000.00000, 223.546, -30.1575, 223.958, -150.163, 223.893, 89.8801, 0.000166088, 37.9336, 0.427206, 131.648, 0.426419, 11.6423, 0.68247, -108.315, 0.149245, 109.692
2, 3060.00000, 223.692, -30.1557, 224.021, -150.161, 223.945, 89.8605, 6.38595E-005, -84.5352, 0.512313, 131.649, 0.4263, 11.6444, 0.426442, -108.334, 0.0510057, -0.552703
2, 3120.00000, 223.692, -30.1557, 224.021, -150.161, 223.945, 89.8605, 6.3859E-005, -84.5347, 0.512313, 131.649, 0.4263, 11.6444, 0.426443, -108.334, 0.0510054, -0.55208
2, 3180.00000, 223.692, -30.1557, 224.021, -150.161, 223.945, 89.8605, 6.3859E-005, -84.5347, 0.512313, 131.649, 0.4263, 11.6444, 0.426443, -108.334, 0.0510053, -0.552075
2, 3240.00000, 223.692, -30.1557, 224.021, -150.161, 223.945, 89.8605, 6.3859E-005, -84.5347, 0.512313, 131.649, 0.4263, 11.6444, 0.426443, -108.334, 0.0510053, -0.552075
2, 3300.00000, 223.692, -30.1557, 224.021, -150.161, 223.945, 89.8605, 6.3859E-005, -84.5347, 0.512313, 131.649, 0.4263, 11.6444, 0.426443, -108.334, 0.0510053, -0.552075
2, 3360.00000, 223.656, -30.1433, 223.82, -150.168, 223.936, 89.8617, 9.10109E-005, 69.495, 0.426994, 131.662, 0.512017, 11.6367, 0.597048, -108.333, 0.085553, 136.192
2, 3420.00000, 223.656, -30.1433, 223.82, -150.168, 223.936, 89.8617, 9.10101E-005, 69.4955, 0.426994, 131.662, 0.512018, 11.6367, 0.597047, -108.333, 0.0855523, 136.192
2, 3480.00000, 223.656, -30.1433, 223.82, -150.168, 223.936, 89.8617, 9.10101E-005, 69.4955, 0.426994, 131.662, 0.512018, 11.6367, 0.597047, -108.333, 0.0855523, 136.192
2, 3540.00000, 223.656, -30.1433, 223.82, -150.168, 223.936, 89.8617, 9.10101E-005, 69.4955, 0.426994, 131.662, 0.512018, 11.6367, 0.597047, -108.333, 0.0855523, 136.192
3, 0.00000, 223.656, -30.1433, 223.82, -150.168, 223.936, 89.8617, 9.10101E-005, 69.4955, 0.426994, 131.662, 0.512018, 11.6367, 0.597047, -108.333, 0.0855523, 136.192
3, 60.00000, 223.707, -30.1401, 223.997, -150.175, 224.109, 89.8689, 0.000106978, -111.176, 0.512278, 131.665, 0.426345, 11.6296, 0.340905, -108.326, 0.0823488, -33.3478
3, 120.00000, 223.707, -30.1401, 223.997, -150.175, 224.109, 89.8689, 0.000106978, -111.176, 0.512278, 131.665, 0.426344, 11.6296, 0.340906, -108.326, 0.0823483, -33.3477
3, 180.00000, 223.707, -30.1401, 223.997, -150.175, 224.109, 89.8689, 0.000106978, -111.176, 0.512278, 131.665, 0.426344, 11.6296, 0.340906, -108.326, 0.0823483, -33.3477
3, 240.00000, 223.707, -30.1401, 223.997, -150.175, 224.109, 89.8689, 0.000106978, -111.176, 0.512278, 131.665, 0.426344, 11.6296, 0.340906, -108.326, 0.0823483, -33.3477
3, 300.00000, 223.707, -30.1401, 223.997, -150.175, 224.109, 89.8689, 0.000106978, -111.176, 0.512278, 131.665, 0.426344, 11.6296, 0.340906, -108.326, 0.0823483, -33.3477
3, 360.00000, 223.817, -30.1261, 223.823, -150.163, 224.076, 89.8547, 5.89529E-005, 167.477, 0.426688, 131.679, 0.512011, 11.6418, 0.426196, -108.34, 0.0399412, -130.788
3, 420.00000, 223.817, -30.1261, 223.823, -150.163, 224.076, 89.8547, 5.89531E-005, 167.477, 0.426688, 131.679, 0.512011, 11.6418, 0.426196, -108.34, 0.0399412, -130.787
3, 480.00000, 223.817, -30.1261, 223.823, -150.163, 224.076, 89.8547, 5.89531E-005, 167.477, 0.426688, 131.679, 0.512011, 11.6418, 0.426196, -108.34, 0.0399412, -130.787
3, 540.00000, 223.817, -30.1261, 223.823, -150.163, 224.076, 89.8547, 5.89531E-005, 167.477, 0.426688, 131.679, 0.512011, 11.6418, 0.426196, -108.34, 0.0399412, -130.787
3, 600.00000, 223.817, -30.1261, 223.823, -150.163, 224.076, 89.8547, 5.89531E-005, 167.477, 0.426688, 131.679, 0.512011, 11.6418, 0.426196, -108.34, 0.0399412, -130.787
3, 660.00000, 223.792, -30.1475, 223.927, -150.141, 223.849, 89.858, 0.000106909, 102.019, 0.426735, 131.658, 0.597082, 11.6637, 0.59726, -108.337, 0.0937712, 165.908
3, 720.00000, 223.792, -30.1475, 223.927, -150.141, 223.849, 89.858, 0.000106909, 102.01, 0.426735, 131.658, 0.59707, 11.6638, 0.597277, -108.337, 0.0937735, 165.9
3, 780.00000, 223.792, -30.1475, 223.927, -150.141, 223.849, 89.858, 0.000106909, 102.01, 0.426735, 131.658, 0.59707, 11.6638, 0.597278, -108.337, 0.0937735, 165.9
3, 840.00000, 223.792, -30.1475, 223.927, -150.141, 223.849, 89.858, 0.000106909, 102.01, 0.426735, 131.658, 0.59707, 11.6638, 0.597278, -108.337, 0.0937735, 165.9
3, 900.00000, 223.792, -30.1475, 223.927, -150.141, 223.849, 89.858, 0.000106909, 102.01, 0.426735, 131.658, 0.59707, 11.6638, 0.597278, -108.337, 0.0937735, 165.9
3, 960.00000, 223.787, -30.141, 223.93, -150.156, 223.996, 89.8553, 9.62091E-005, 133.68, 0.341396, 131.664, 0.511766, 11.6492, 0.426347, -108.34, 0.0772687, -162.477
3, 1020.00000, 223.787, -30.141, 223.93, -150.156, 223.996, 89.8553, 9.62094E-005, 133.68, 0.341396, 131.664, 0.511766, 11.6492, 0.426347, -108.34, 0.0772689, -162.477
3, 1080.00000, 223.787, -30.141, 223.93, -150.156, 223.996, 89.8553, 9.62094E-005, 133.68, 0.341396, 131.664, 0.511766, 11.6492, 0.426347, -108.34, 0.0772689, -162.477
3, 1140.00000, 223.787, -30.141, 223.93, -150.156, 223.996, 89.8553, 9.62094E-005, 133.68, 0.341396, 131.664, 0.511766, 11.6492, 0.426347, -108.34, 0.0772689, -162.477
3, 1200.00000, 223.787, -30.141, 223.93, -150.156, 223.996, 89.8553, 9.62094E-005, 133.68, 0.341396, 131.664, 0.511766, 11.6492, 0.426347, -108.34, 0.0772689, -162.477
3, 1260.00000, 223.758, -30.149, 223.959, -150.161, 224, 89.8675, 5.74656E-005, -28.2037, 0.512161, 131.656, 0.426417, 11.6443, 0.511607, -108.327, 0.0550714, 53.1854
3, 1320.00000, 223.758, -30.149, 223.959, -150.161, 224, 89.8675, 5.74657E-005, -28.2042, 0.512161, 131.656, 0.426417, 11.6443, 0.511607, -108.327, 0.0550715, 53.185
3, 1380.00000, 223.758, -30.149, 223.959, -150.161, 224, 89.8675, 5.74657E-005, -28.2042, 0.512161, 131.656, 0.426417, 11.6443, 0.511607, -108.327, 0.0550715, 53.185
3, 1440.00000, 223.758, -30.149, 223.959, -150.161, 224, 89.8675, 5.74657E-005, -28.2042, 0.512161, 131.656, 0.426417, 11.6443, 0.511607, -108.327, 0.0550715, 53.185
3, 1500.00000, 223.758, -30.149, 223.959, -150.161, 224, 89.8675, 5.74657E-005, -28.2042, 0.512161, 131.656, 0.426417, 11.6443, 0.511607, -108.327, 0.0550715, 53.185
3, 1560.00000, 223.659, -30.154, 224.051, -150.158, 223.964, 89.8755, 0.000156081, -63.5881, 0.597776, 131.651, 0.341, 11.6469, 0.426403, -108.319, 0.13116, 12.8099
3, 1620.00000, 223.659, -30.154, 224.051, -150.158, 223.964, 89.8755, 0.000156089, -63.587, 0.597784, 131.651, 0.340994, 11.6469, 0.426407, -108.319, 0.131167, 12.8107
3, 1680.00000, 223.659, -30.154, 224.051, -150.158, 223.964, 89.8755, 0.000156089, -63.587, 0.597784, 131.651, 0.340994, 11.6469, 0.426407, -108.319, 0.131167, 12.8108
3, 1740.00000, 223.659, -30.154, 224.051, -150.158, 223.964, 89.8755, 0.000156089, -63.587, 0.597784, 131.651, 0.340994, 11.6469, 0.426407, -108.319, 0.131167, 12.8108
3, 1800.00000, 223.659, -30.154, 224.051, -150.158, 223.964, 89.8755, 0.000156089, -63.587, 0.597784, 131.651, 0.340994, 11.6469, 0.426407, -108.319, 0.131167, 12.8108
3, 1860.00000, 223.658, -30.127, 223.865, -150.176, 224.106, 89.8672, 6.69079E-005, -137.155, 0.597787, 131.678, 0.597234, 11.6288, 0.511365, -108.328, 0.0423405, -58.0965
3, 1920.00000, 223.658, -30.127, 223.865, -150.176, 224.106, 89.8672, 6.69076E-005, -137.156, 0.597787, 131.678, 0.597235, 11.6288, 0.511365, -108.328, 0.0423402, -58.0969
3, 1980.00000, 223.658, -30.127, 223.865, -150.176, 224.106, 89.8672, 6.69076E-005, -137.156, 0.597787, 131.678, 0.597235, 11.6288, 0.511365, -108.328, 0.0423402, -58.0969
3, 2040.00000, 223.658, -30.127, 223.865, -150.176, 224.106, 89.8672, 6.69076E-005, -137.156, 0.597787, 131.678, 0.597235, 11.6288, 0.511365, -108.328, 0.0423402, -58.0969
3, 2100.00000, 223.658, -30.127, 223.865, -150.176, 224.106, 89.8672, 6.69076E-005, -137.156, 0.597787, 131.678, 0.597235, 11.6288, 0.511365, -108.328, 0.0423402, -58.0969
3, 2160.00000, 223.791, -30.165, 224.041, -150.134, 223.753, 89.8592, 6.49742E-005, -85.038, 0.597431, 131.64, 0.511514, 11.6711, 0.51217, -108.336, 0.0515335, 1.0473
3, 2220.00000, 223.791, -30.165, 224.041, -150.134, 223.753, 89.8592, 6.4974E-005, -85.0376, 0.597431, 131.64, 0.511514, 11.6711, 0.512171, -108.336, 0.0515334, 1.04781
3, 2280.00000, 223.791, -30.165, 224.041, -150.134, 223.753, 89.8592, 6.4974E-005, -85.0376, 0.597431, 131.64, 0.511514, 11.6711, 0.512171, -108.336, 0.0515334, 1.04782
3, 2340.00000, 223.791, -30.165, 224.041, -150.134, 223.753, 89.8592, 6.4974E-005, -85.0376, 0.597431, 131.64, 0.511514, 11.6711, 0.512171, -108.336, 0.0515334, 1.04782
3, 2400.00000, 223.791, -30.165, 224.041, -150.134, 223.753, 89.8592, 6.4974E-005, -85.0376, 0.597431, 131.64, 0.511514, 11.6711, 0.512171, -108.336, 0.0515334, 1.04782
3, 2460.00000, 223.688, -30.1489, 223.941, -150.164, 223.99, 89.8655, 5.10671E-005, 35.4412, 0.426935, 131.656, 0.426451, 11.6407, 0.51163, -108.329, 0.0530846, 105.988
3, 2520.00000, 223.688, -30.1489, 223.941, -150.164, 223.99, 89.8655, 5.10663E-005, 35.4415, 0.426935, 131.656, 0.426452, 11.6406, 0.511629, -108.329, 0.0530839, 105.988
3, 2580.00000, 223.688, -30.1489, 223.941, -150.164, 223.99, 89.8655, 5.10663E-005, 35.4415, 0.426935, 131.656, 0.426452, 11.6406, 0.511629, -108.329, 0.0530839, 105.988
3, 2640.00000, 223.688, -30.1489, 223.941, -150.164, 223.99, 89.8655, 5.10663E-005, 35.4415, 0.426935, 131.656, 0.426452, 11.6406, 0.511629, -108.329, 0.0530839, 105.988
3, 2700.00000, 223.688, -30.1489, 223.941, -150.164, 223.99, 89.8655, 5.10663E-005, 35.4415, 0.426935, 131.656, 0.426452, 11.6406, 0.511629, -108.329, 0.0530839, 105.988
3, 2760.00000, 223.656, -30.1483, 223.946, -150.163, 223.987, 89.8699, 6.68866E-005, -137.043, 0.597791, 131.657, 0.59702, 11.6423, 0.511636, -108.325, 0.0422702, -57.9869
3, 2820.00000, 223.656, -30.1483, 223.946, -150.163, 223.987, 89.8699, 6.68871E-005, -137.042, 0.597792, 131.657, 0.59702, 11.6423, 0.511636, -108.325, 0.0422707, -57.9863
3, 2880.00000, 223.656, -30.1483, 223.946, -150.163, 223.987, 89.8699, 6.68871E-005, -137.042, 0.597792, 131.657, 0.59702, 11.6423, 0.511636, -108.325, 0.0422707, -57.9863
3, 2940.00000, 223.656, -30.1483, 223.946, -150.163, 223.987, 89.8699, 6.68871E-005, -137.042, 0.597792, 131.657, 0.59702, 11.6423, 0.511636, -108.325, 0.0422707, -57.9863
3, 3000.00000, 223.656, -30.1483, 223.946, -150.163, 223.987, 89.8699, 6.68871E-005, -137.042, 0.597792, 131.657, 0.59702, 11.6423, 0.511636, -108.325, 0.0422707, -57.9863
3, 3060.00000, 223.743, -30.1278, 223.88, -150.165, 224.141, 89.8557, 0.00010847, -111.303, 0.597562, 131.677, 0.511883, 11.6403, 0.42607, -108.339, 0.0822756, -32.4219
3, 3120.00000, 223.743, -30.1278, 223.88, -150.165, 224.141, 89.8557, 0.000108469, -111.303, 0.597562, 131.677, 0.511882, 11.6403, 0.426071, -108.339, 0.0822753, -32.4216
3, 3180.00000, 223.743, -30.1278, 223.88, -150.165, 224.141, 89.8557, 0.000108469, -111.303, 0.597562, 131.677, 0.511882, 11.6403, 0.426071, -108.339, 0.0822753, -32.4216
3, 3240.00000, 223.743, -30.1278, 223.88, -150.165, 224.141, 89.8557, 0.000108469, -111.303, 0.597562, 131.677, 0.511882, 11.6403, 0.426071, -108.339, 0.0822753, -32.4216
3, 3300.00000, 223.743, -30.1278, 223.88, -150.165, 224.141, 89.8557, 0.000108469, -111.303, 0.597562, 131.677, 0.511882, 11.6403, 0.426071, -108.339, 0.0822753, -32.4216
3, 3360.00000, 223.698, -30.153, 223.92, -150.15, 223.903, 89.8645, 5.7537E-005, -28.2398, 0.512298, 131.652, 0.426492, 11.655, 0.511829, -108.33, 0.0551446, 53.1687
3, 3420.00000, 223.698, -30.153, 223.92, -150.15, 223.903, 89.8645, 5.75369E-005, -28.2403, 0.512299, 131.652, 0.426492, 11.6549, 0.511829, -108.33, 0.0551445, 53.1683
3, 3480.00000, 223.698, -30.153, 223.92, -150.15, 223.903, 89.8645, 5.75369E-005, -28.2403, 0.512299, 131.652, 0.426492, 11.6549, 0.511829, -108.33, 0.0551445, 53.1683
3, 3540.00000, 223.698, -30.153, 223.92, -150.15, 223.903, 89.8645, 5.75369E-005, -28.2403, 0.512299, 131.652, 0.426492, 11.6549, 0.511829, -108.33, 0.0551445, 53.1683
4, 0.00000, 223.698, -30.153, 223.92, -150.15, 223.903, 89.8645, 5.75369E-005, -28.2403, 0.512299, 131.652, 0.426492, 11.6549, 0.511829, -108.33, 0.0551445, 53.1683
4, 60.00000, 223.616, -30.1549, 223.85, -150.182, 223.955, 89.8471, 6.54847E-005, -137.584, 0.512487, 131.65, 0.511951, 11.6231, 0.426425, -108.348, 0.0430439, -59.7052
4, 120.00000, 223.616, -30.1548, 223.85, -150.182, 223.955, 89.8471, 6.54845E-005, -137.584, 0.512487, 131.65, 0.511951, 11.6231, 0.426425, -108.348, 0.0430437, -59.7053
4, 180.00000, 223.616, -30.1548, 223.85, -150.182, 223.955, 89.8471, 6.54845E-005, -137.584, 0.512487, 131.65, 0.511951, 11.6231, 0.426425, -108.348, 0.0430437, -59.7053
4, 240.00000, 223.616, -30.1548, 223.85, -150.182, 223.955, 89.8471, 6.54845E-005, -137.584, 0.512487, 131.65, 0.511951, 11.6231, 0.426425, -108.348, 0.0430437, -59.7053
4, 300.00000, 223.616, -30.1548, 223.85, -150.182, 223.955, 89.8471, 6.54845E-005, -137.584, 0.512487, 131.65, 0.511951, 11.6231, 0.426425, -108.348, 0.0430437, -59.7053
4, 360.00000, 223.683, -30.1606, 223.886, -150.183, 223.977, 89.8487, 8.74288E-006, -115.041, 0.512333, 131.645, 0.511867, 11.6224, 0.511661, -108.346, 0.00850583, 63.2624
4, 420.00000, 223.683, -30.1606, 223.886, -150.183, 223.977, 89.8487, 8.74311E-006, -115.043, 0.512333, 131.645, 0.511867, 11.6224, 0.51166, -108.346, 0.00850549, 63.2618
4, 480.00000, 223.683, -30.1606, 223.886, -150.183, 223.977, 89.8487, 8.74311E-006, -115.043, 0.512333, 131.645, 0.511867, 11.6224, 0.51166, -108.346, 0.00850549, 63.2618
4, 540.00000, 223.683, -30.1606, 223.886, -150.183, 223.977, 89.8487, 8.74311E-006, -115.043, 0.512333, 131.645, 0.511867, 11.6224, 0.51166, -108.346, 0.00850549, 63.2618
4, 600.00000, 223.683, -30.1606, 223.886, -150.183, 223.977, 89.8487, 8.74311E-006, -115.043, 0.512333, 131.645, 0.511867, 11.6224, 0.51166, -108.346, 0.00850549, 63.2618
4, 660.00000, 223.718, -30.1627, 223.921, -150.175, 223.963, 89.8459, 9.57004E-005, 134.467, 0.426876, 131.642, 0.597086, 11.6301, 0.511691, -108.349, 0.0762962, -163.243
4, 720.00000, 223.718, -30.1627, 223.921, -150.175, 223.963, 89.8459, 9.57002E-005, 134.467, 0.426876, 131.642, 0.597086, 11.6301, 0.511691, -108.349, 0.0762961, -163.243
4, 780.00000, 223.718, -30.1627, 223.921, -150.175, 223.963, 89.8459, 9.57002E-005, 134.467, 0.426876, 131.642, 0.597086, 11.6301, 0.511691, -108.349, 0.0762961, -163.243
4, 840.00000, 223.718, -30.1627, 223.921, -150.175, 223.963, 89.8459, 9.57002E-005, 134.467, 0.426876, 131.642, 0.597086, 11.6301, 0.511691, -108.349, 0.0762961, -163.243
4, 900.00000, 223.718, -30.1627, 223.921, -150.175, 223.963, 89.8459, 9.57002E-005, 134.467, 0.426876, 131.642, 0.597086, 11.6301, 0.511691, -108.349, 0.0762961, -163.243
4, 960.00000, 223.779, -30.1702, 223.936, -150.154, 223.828, 89.8403, 9.11146E-005, 69.3518, 0.42676, 131.635, 0.511754, 11.651, 0.597334, -108.355, 0.0856361, 136.104
4, 1020.00000, 223.779, -30.1702, 223.936, -150.154, 223.828, 89.8403, 9.11144E-005, 69.3518, 0.426761, 131.635, 0.511753, 11.651, 0.597334, -108.355, 0.0856359, 136.103
4, 1080.00000, 223.779, -30.1702, 223.936, -150.154, 223.828, 89.8403, 9.11144E-005, 69.3518, 0.426761, 131.635, 0.511753, 11.651, 0.597334, -108.355, 0.0856359, 136.103
4, 1140.00000, 223.779, -30.1702, 223.936, -150.154, 223.828, 89.8403, 9.11144E-005, 69.3518, 0.426761, 131.635, 0.511753, 11.651, 0.597334, -108.355, 0.0856359, 136.103
4, 1200.00000, 223.779, -30.1702, 223.936, -150.154, 223.828, 89.8403, 9.11144E-005, 69.3518, 0.426761, 131.635, 0.511753, 11.651, 0.597334, -108.355, 0.0856359, 136.103
4, 1260.00000, 223.794, -30.1781, 223.918, -150.148, 223.698, 89.8352, 9.6089E-005, 5.47517, 0.51208, 131.627, 0.426495, 11.6574, 0.59768, -108.36, 0.0904042, 80.4026
4, 1320.00000, 223.794, -30.1781, 223.918, -150.148, 223.698, 89.8352, 9.60891E-005, 5.4754, 0.512079, 131.627, 0.426495, 11.6574, 0.59768, -108.36, 0.0904043, 80.4028
4, 1380.00000, 223.794, -30.1781, 223.918, -150.148, 223.698, 89.8352, 9.60891E-005, 5.4754, 0.512079, 131.627, 0.426495, 11.6574, 0.59768, -108.36, 0.0904043, 80.4028
4, 1440.00000, 223.794, -30.1781, 223.918, -150.148, 223.698, 89.8352, 9.60891E-005, 5.4754, 0.512079, 131.627, 0.426495, 11.6574, 0.59768, -108.36, 0.0904043, 80.4028
4, 1500.00000, 223.794, -30.1781, 223.918, -150.148, 223.698, 89.8352, 9.60891E-005, 5.4754, 0.512079, 131.627, 0.426495, 11.6574, 0.59768, -108.36, 0.0904043, 80.4028
4, 1560.00000, 223.654, -30.1653, 223.874, -150.181, 223.956, 89.8469, 5.10354E-005, 35.4807, 0.426998, 131.64, 0.426579, 11.624, 0.511708, -108.348, 0.0530558, 105.965
4, 1620.00000, 223.654, -30.1654, 223.874, -150.181, 223.956, 89.8469, 5.10351E-005, 35.4803, 0.426999, 131.64, 0.426578, 11.624, 0.511708, -108.348, 0.0530556, 105.964
4, 1680.00000, 223.654, -30.1654, 223.874, -150.181, 223.956, 89.8469, 5.10351E-005, 35.4802, 0.426999, 131.64, 0.426578, 11.624, 0.511708, -108.348, 0.0530556, 105.964
4, 1740.00000, 223.654, -30.1654, 223.874, -150.181, 223.956, 89.8469, 5.10351E-005, 35.4802, 0.426999, 131.64, 0.426578, 11.624, 0.511708, -108.348, 0.0530556, 105.964
4, 1800.00000, 223.654, -30.1654, 223.874, -150.181, 223.956, 89.8469, 5.10351E-005, 35.4802, 0.426999, 131.64, 0.426578, 11.624, 0.511708, -108.348, 0.0530556, 105.964
4, 1860.00000, 223.569, -30.178, 224.025, -150.171, 223.84, 89.8627, 6.52258E-005, -85.1708, 0.598026, 131.627, 0.511551, 11.634, 0.511973, -108.332, 0.0517589, 0.89756
4, 1920.00000, 223.569, -30.178, 224.025, -150.171, 223.84, 89.8627, 6.52255E-005, -85.1707, 0.598025, 131.627, 0.511551, 11.634, 0.511973, -108.332, 0.0517587, 0.897757
4, 1980.00000, 223.572, -30.1771, 224.027, -150.17, 223.842, 89.8634, 6.52237E-005, -85.1696, 0.598017, 131.628, 0.511547, 11.6348, 0.511968, -108.331, 0.0517573, 0.899057
4, 2040.00000, 223.569, -30.178, 224.025, -150.171, 223.84, 89.8627, 6.52254E-005, -85.1706, 0.598025, 131.627, 0.511551, 11.634, 0.511973, -108.332, 0.0517586, 0.897791
4, 2100.00000, 223.572, -30.1772, 224.026, -150.17, 223.842, 89.8633, 6.5224E-005, -85.1698, 0.598019, 131.628, 0.511548, 11.6347, 0.511969, -108.332, 0.0517576, 0.898842
4, 2160.00000, 223.658, -30.1606, 223.925, -150.174, 223.961, 89.8491, 5.87721E-005, 167.536, 0.42699, 131.645, 0.51178, 11.6307, 0.426414, -108.346, 0.0398074, -130.65
4, 2220.00000, 223.663, -30.1593, 223.928, -150.173, 223.964, 89.8502, 5.87712E-005, 167.536, 0.426982, 131.646, 0.511773, 11.632, 0.426408, -108.345, 0.0398069, -130.65
4, 2280.00000, 223.665, -30.1589, 223.928, -150.173, 223.965, 89.8505, 5.8771E-005, 167.536, 0.426979, 131.646, 0.511771, 11.6324, 0.426406, -108.344, 0.0398069, -130.65
4, 2340.00000, 223.666, -30.1586, 223.929, -150.172, 223.966, 89.8507, 5.87709E-005, 167.536, 0.426977, 131.647, 0.511769, 11.6327, 0.426405, -108.344, 0.0398068, -130.65
4, 2400.00000, 223.677, -30.1554, 223.936, -150.169, 223.974, 89.8533, 5.87692E-005, 167.536, 0.426956, 131.65, 0.511753, 11.6357, 0.42639, -108.342, 0.0398062, -130.651
4, 2460.00000, 223.624, -30.1594, 224.002, -150.176, 223.99, 89.8694, 5.10579E-005, 35.3844, 0.427057, 131.646, 0.426335, 11.6292, 0.511631, -108.325, 0.0530876, 105.915
4, 2520.00000, 223.639, -30.155, 224.012, -150.172, 224.001, 89.8729, 5.10577E-005, 35.391, 0.427028, 131.65, 0.426317, 11.6334, 0.511606, -108.322, 0.053087, 105.921
4, 2580.00000, 223.639, -30.155, 224.012, -150.172, 224.001, 89.8729, 5.10579E-005, 35.3915, 0.427027, 131.65, 0.426316, 11.6334, 0.511605, -108.322, 0.0530871, 105.921
4, 2640.00000, 223.639, -30.155, 224.012, -150.172, 224.001, 89.8729, 5.10579E-005, 35.3915, 0.427027, 131.65, 0.426316, 11.6334, 0.511605, -108.322, 0.0530871, 105.921
4, 2700.00000, 223.639, -30.155, 224.012, -150.172, 224.001, 89.8729, 5.10579E-005, 35.3915, 0.427027, 131.65, 0.426316, 11.6334, 0.511605, -108.322, 0.0530871, 105.921
4, 2760.00000, 223.749, -30.156, 223.934, -150.152, 223.835, 89.8519, 0.000121249, -82.8194, 0.597547, 131.649, 0.426466, 11.6532, 0.426652, -108.343, 0.0988231, -4.27829
4, 2820.00000, 223.757, -30.1537, 223.939, -150.15, 223.841, 89.8538, 0.000121242, -82.8168, 0.597525, 131.651, 0.426457, 11.6554, 0.426642, -108.341, 0.0988174, -4.27547
4, 2880.00000, 223.759, -30.1531, 223.94, -150.149, 223.843, 89.8543, 0.000121241, -82.8161, 0.597518, 131.652, 0.426454, 11.656, 0.426639, -108.341, 0.0988159, -4.27473
4, 2940.00000, 223.764, -30.1516, 223.943, -150.148, 223.846, 89.8555, 0.000121237, -82.8145, 0.597505, 131.654, 0.426448, 11.6574, 0.426632, -108.339, 0.0988126, -4.27301
4, 3000.00000, 223.769, -30.1502, 223.947, -150.146, 223.85, 89.8567, 0.000121232, -82.8129, 0.597491, 131.655, 0.426441, 11.6588, 0.426625, -108.338, 0.0988092, -4.27128
4, 3060.00000, 223.715, -30.1475, 223.954, -150.153, 223.918, 89.8749, 5.06261E-005, 104.503, 0.426882, 131.658, 0.511712, 11.6518, 0.511796, -108.32, 0.0462324, 161.643
4, 3120.00000, 223.735, -30.1419, 223.967, -150.148, 223.932, 89.8794, 5.06267E-005, 104.507, 0.426846, 131.663, 0.511685, 11.657, 0.511764, -108.315, 0.046233, 161.648
4, 3180.00000, 223.731, -30.1431, 223.964, -150.149, 223.929, 89.8785, 5.06269E-005, 104.506, 0.426852, 131.662, 0.511689, 11.6559, 0.511769, -108.316, 0.0462331, 161.647
4, 3240.00000, 223.744, -30.1393, 223.972, -150.146, 223.939, 89.8815, 5.06274E-005, 104.508, 0.426828, 131.666, 0.511671, 11.6595, 0.511748, -108.313, 0.0462336, 161.65
4, 3300.00000, 223.746, -30.1387, 223.974, -150.145, 223.94, 89.882, 5.06277E-005, 104.508, 0.426823, 131.666, 0.511667, 11.6601, 0.511744, -108.313, 0.0462339, 161.651
4, 3360.00000, 223.737, -30.1342, 224.004, -150.153, 224.058, 89.8838, 5.75015E-005, -28.3047, 0.512208, 131.671, 0.426332, 11.6521, 0.511474, -108.311, 0.0551394, 53.1573
4, 3420.00000, 223.749, -30.131, 224.011, -150.15, 224.066, 89.8863, 5.74988E-005, -28.2986, 0.512183, 131.674, 0.426319, 11.6551, 0.511456, -108.309, 0.0551373, 53.1632
4, 3480.00000, 223.769, -30.1252, 224.024, -150.144, 224.081, 89.8911, 5.74934E-005, -28.2869, 0.512136, 131.68, 0.426294, 11.6607, 0.511423, -108.304, 0.0551331, 53.1743
4, 3540.00000, 223.778, -30.1229, 224.03, -150.142, 224.087, 89.8929, 5.74909E-005, -28.2818, 0.512116, 131.682, 0.426284, 11.6629, 0.511409, -108.302, 0.0551313, 53.1792
5, 0.00000, 223.777, -30.123, 224.029, -150.142, 224.087, 89.8928, 5.74909E-005, -28.2819, 0.512117, 131.682, 0.426284, 11.6627, 0.511409, -108.302, 0.0551313, 53.1791
5, 60.00000, 223.516, -30.1814, 223.896, -150.181, 223.77, 89.8396, 0.000212944, -68.5419, 0.769073, 131.624, 0.426537, 11.6239, 0.512132, -108.355, 0.177979, 7.56083
5, 120.00000, 223.521, -30.1799, 223.899, -150.18, 223.774, 89.8408, 0.000212938, -68.5401, 0.769055, 131.625, 0.426531, 11.6253, 0.512124, -108.354, 0.177974, 7.56263
5, 180.00000, 223.535, -30.1761, 223.908, -150.176, 223.784, 89.8439, 0.000212923, -68.5356, 0.76901, 131.629, 0.426515, 11.6289, 0.512102, -108.351, 0.177961, 7.5673
5, 240.00000, 223.545, -30.1734, 223.914, -150.174, 223.791, 89.8461, 0.000212911, -68.5322, 0.768975, 131.632, 0.426503, 11.6315, 0.512085, -108.349, 0.177952, 7.57075
5, 300.00000, 223.574, -30.1653, 223.932, -150.166, 223.811, 89.8527, 0.000212879, -68.5226, 0.768879, 131.64, 0.42647, 11.6391, 0.51204, -108.342, 0.177925, 7.58063
5, 360.00000, 223.813, -30.1471, 223.669, -150.151, 223.783, 89.8246, 0.000143847, 57.7527, 0.426695, 131.658, 0.512363, 11.6539, 0.682807, -108.37, 0.131103, 127.465
5, 420.00000, 223.823, -30.1441, 223.676, -150.148, 223.79, 89.827, 0.000143843, 57.7555, 0.426677, 131.661, 0.512349, 11.6567, 0.682783, -108.368, 0.1311, 127.468
5, 480.00000, 223.832, -30.1418, 223.681, -150.146, 223.796, 89.8289, 0.000143841, 57.7578, 0.426661, 131.663, 0.512337, 11.6589, 0.682765, -108.366, 0.131098, 127.47
5, 540.00000, 223.86, -30.1339, 223.699, -150.139, 223.816, 89.8353, 0.000143834, 57.765, 0.426609, 131.671, 0.512297, 11.6663, 0.682705, -108.36, 0.131091, 127.477
5, 600.00000, 223.888, -30.126, 223.717, -150.131, 223.836, 89.8417, 0.000143827, 57.7726, 0.426555, 131.679, 0.512256, 11.6738, 0.682644, -108.353, 0.131084, 127.485
5, 660.00000, 223.799, -30.1394, 223.919, -150.141, 223.919, 89.8663, 8.63379E-006, -114.784, 0.512066, 131.666, 0.511793, 11.6645, 0.511793, -108.329, 0.00852998, 63.914
5, 720.00000, 223.833, -30.1299, 223.94, -150.132, 223.943, 89.874, 8.62272E-006, -114.783, 0.511992, 131.675, 0.511745, 11.6735, 0.511739, -108.321, 0.00853053, 63.9808
5, 780.00000, 223.849, -30.1255, 223.95, -150.127, 223.954, 89.8775, 8.61737E-006, -114.793, 0.511954, 131.68, 0.511722, 11.6777, 0.511713, -108.317, 0.00852953, 64.0153
5, 840.00000, 223.872, -30.1189, 223.965, -150.121, 223.971, 89.8828, 8.60947E-006, -114.798, 0.511901, 131.686, 0.511688, 11.6839, 0.511675, -108.312, 0.00852923, 64.0642
5, 900.00000, 223.905, -30.1097, 223.986, -150.112, 223.994, 89.8903, 8.59834E-006, -114.806, 0.511827, 131.696, 0.511641, 11.6926, 0.511622, -108.305, 0.00852877, 64.1332
5, 960.00000, 223.896, -30.0856, 223.941, -150.108, 224.012, 89.8962, 0.000149736, 144.2, 0.426539, 131.72, 0.682323, 11.6975, 0.511579, -108.299, 0.117829, -150.182
5, 1020.00000, 223.931, -30.0757, 223.963, -150.098, 224.038, 89.9043, 0.000149725, 144.206, 0.426473, 131.73, 0.682258, 11.7068, 0.511523, -108.291, 0.117821, -150.176
5, 1080.00000, 223.961, -30.0673, 223.982, -150.09, 224.059, 89.911, 0.000149715, 144.212, 0.426416, 131.738, 0.682201, 11.7147, 0.511474, -108.284, 0.117815, -150.171
5, 1140.00000, 223.99, -30.0593, 224, -150.083, 224.079, 89.9175, 0.000149706, 144.217, 0.426361, 131.746, 0.682145, 11.7223, 0.511427, -108.277, 0.117808, -150.165
5, 1200.00000, 224.016, -30.052, 224.016, -150.076, 224.098, 89.9234, 0.000149697, 144.222, 0.426311, 131.753, 0.682095, 11.7292, 0.511385, -108.271, 0.117802, -150.16
5, 1260.00000, 224.134, -30.0372, 224.043, -150.06, 224.137, 89.9302, 0.000143673, 57.8543, 0.426085, 131.768, 0.511509, 11.7452, 0.681725, -108.265, 0.130919, 127.537
5, 1320.00000, 224.153, -30.0317, 224.055, -150.055, 224.151, 89.9347, 0.000143668, 57.8591, 0.426049, 131.774, 0.511481, 11.7504, 0.681683, -108.26, 0.130915, 127.542
5, 1380.00000, 224.191, -30.0211, 224.079, -150.045, 224.178, 89.9432, 0.000143659, 57.8689, 0.425978, 131.784, 0.511427, 11.7603, 0.681602, -108.252, 0.130906, 127.552
5, 1440.00000, 224.216, -30.0141, 224.095, -150.038, 224.196, 89.9489, 0.000143652, 57.876, 0.42593, 131.791, 0.511391, 11.767, 0.681548, -108.246, 0.1309, 127.559
5, 1500.00000, 224.259, -30.0021, 224.122, -150.027, 224.227, 89.9586, 0.000143642, 57.8872, 0.42585, 131.803, 0.51133, 11.7783, 0.681456, -108.236, 0.130889, 127.57
5, 1560.00000, 224.236, -29.9898, 224.14, -150.03, 224.298, 89.9611, 0.000106864, 102.179, 0.425893, 131.815, 0.596501, 11.7748, 0.596082, -108.234, 0.0936916, 166.072
5, 1620.00000, 224.269, -29.9805, 224.161, -150.022, 224.321, 89.9686, 0.000106861, 102.185, 0.42583, 131.825, 0.596447, 11.7834, 0.596022, -108.226, 0.093689, 166.079
5, 1680.00000, 224.309, -29.9693, 224.186, -150.011, 224.35, 89.9777, 0.000106855, 102.194, 0.425754, 131.836, 0.59638, 11.794, 0.595946, -108.217, 0.0936845, 166.088
5, 1740.00000, 224.328, -29.9639, 224.198, -150.006, 224.364, 89.9821, 0.000106853, 102.199, 0.425717, 131.841, 0.596348, 11.7992, 0.595909, -108.213, 0.0936824, 166.093
5, 1800.00000, 224.364, -29.954, 224.22, -149.997, 224.389, 89.9901, 0.000106848, 102.206, 0.42565, 131.851, 0.596289, 11.8085, 0.595842, -108.205, 0.0936784, 166.101
5, 1860.00000, 224.242, -29.9499, 224.356, -149.995, 224.542, 90.0197, 0.000160354, -100.659, 0.681407, 131.855, 0.510797, 11.8104, 0.425309, -108.175, 0.127404, -23.3053
5, 1920.00000, 224.276, -29.9403, 224.378, -149.986, 224.567, 90.0275, 0.00016032, -100.65, 0.681305, 131.865, 0.510747, 11.8195, 0.425264, -108.167, 0.127377, -23.296
5, 1980.00000, 224.311, -29.9306, 224.399, -149.976, 224.591, 90.0353, 0.000160285, -100.642, 0.6812, 131.875, 0.510698, 11.8286, 0.425217, -108.16, 0.127348, -23.2872
5, 2040.00000, 224.339, -29.9228, 224.417, -149.969, 224.611, 90.0417, 0.000160257, -100.635, 0.681115, 131.882, 0.510658, 11.836, 0.425179, -108.153, 0.127325, -23.2801
5, 2100.00000, 224.378, -29.9118, 224.441, -149.959, 224.639, 90.0506, 0.000160218, -100.626, 0.680996, 131.893, 0.510602, 11.8464, 0.425127, -108.144, 0.127292, -23.27
5, 2160.00000, 224.444, -29.9139, 224.432, -149.949, 224.53, 90.0528, 8.49927E-006, -114.674, 0.510595, 131.891, 0.510623, 11.856, 0.5104, -108.142, 0.00857604, 64.6085
5, 2220.00000, 224.481, -29.9036, 224.455, -149.939, 224.556, 90.0612, 8.48733E-006, -114.681, 0.510513, 131.902, 0.510571, 11.8656, 0.510341, -108.134, 0.00857574, 64.6821
5, 2280.00000, 224.531, -29.8894, 224.487, -149.926, 224.592, 90.0727, 8.4703E-006, -114.697, 0.510398, 131.916, 0.510499, 11.8791, 0.510258, -108.122, 0.00857472, 64.788
5, 2340.00000, 224.556, -29.8824, 224.502, -149.919, 224.61, 90.0784, 8.4622E-006, -114.712, 0.51034, 131.923, 0.510463, 11.8857, 0.510218, -108.117, 0.00857335, 64.8404
5, 2400.00000, 224.591, -29.8727, 224.524, -149.91, 224.635, 90.0862, 8.45064E-006, -114.723, 0.510262, 131.933, 0.510414, 11.8949, 0.510162, -108.109, 0.00857266, 64.9124
5, 2460.00000, 224.675, -29.8576, 224.571, -149.895, 224.711, 90.0948, 0.000121788, -82.915, 0.680092, 131.948, 0.510306, 11.9097, 0.509988, -108.1, 0.0988608, -3.20394
5, 2520.00000, 224.714, -29.8467, 224.595, -149.885, 224.739, 90.1036, 0.000121756, -82.9026, 0.679976, 131.958, 0.510251, 11.9199, 0.509925, -108.091, 0.0988347, -3.19041
5, 2580.00000, 224.747, -29.8375, 224.616, -149.876, 224.762, 90.1111, 0.000121728, -82.8923, 0.679876, 131.968, 0.510204, 11.9286, 0.509872, -108.084, 0.0988121, -3.17911
5, 2640.00000, 224.777, -29.8292, 224.635, -149.869, 224.783, 90.1178, 0.000121703, -82.883, 0.679786, 131.976, 0.510162, 11.9365, 0.509824, -108.077, 0.0987917, -3.16888
5, 2700.00000, 224.819, -29.8173, 224.661, -149.857, 224.814, 90.1274, 0.000121668, -82.8695, 0.679658, 131.988, 0.510102, 11.9477, 0.509756, -108.067, 0.0987627, -3.15419
5, 2760.00000, 224.889, -29.8076, 224.536, -149.848, 224.748, 90.1237, 0.000123477, -138.8, 0.594515, 131.998, 0.595451, 11.9573, 0.42492, -108.071, 0.0893435, -63.4214
5, 2820.00000, 224.918, -29.7993, 224.554, -149.84, 224.769, 90.1303, 0.000123457, -138.796, 0.594439, 132.006, 0.595402, 11.965, 0.424881, -108.065, 0.0893277, -63.4182
5, 2880.00000, 224.951, -29.7901, 224.575, -149.831, 224.792, 90.1378, 0.000123435, -138.792, 0.594352, 132.015, 0.595347, 11.9737, 0.424836, -108.057, 0.08931, -63.4149
5, 2940.00000, 224.985, -29.7806, 224.596, -149.822, 224.817, 90.1455, 0.000123412, -138.788, 0.594262, 132.025, 0.595291, 11.9828, 0.424791, -108.049, 0.0892917, -63.4114
5, 3000.00000, 225.018, -29.7714, 224.617, -149.814, 224.84, 90.1529, 0.00012339, -138.784, 0.594175, 132.034, 0.595236, 11.9915, 0.424746, -108.042, 0.0892741, -63.4081
5, 3060.00000, 225.089, -29.7779, 224.738, -149.787, 224.778, 90.1588, 0.000116018, 164.852, 0.509131, 132.027, 0.679904, 12.0182, 0.509835, -108.036, 0.0849332, -129.748
5, 3120.00000, 225.125, -29.7678, 224.76, -149.777, 224.804, 90.167, 0.000116007, 164.855, 0.50905, 132.037, 0.679836, 12.0276, 0.509778, -108.028, 0.0849261, -129.745
5, 3180.00000, 225.162, -29.7575, 224.783, -149.768, 224.83, 90.1753, 0.000115996, 164.859, 0.508966, 132.048, 0.679766, 12.0374, 0.509718, -108.02, 0.08492, -129.742
5, 3240.00000, 225.203, -29.746, 224.809, -149.757, 224.859, 90.1846, 0.000115985, 164.863, 0.508874, 132.059, 0.679689, 12.0482, 0.509652, -108.01, 0.0849132, -129.738
5, 3300.00000, 225.238, -29.7363, 224.83, -149.748, 224.884, 90.1924, 0.000115975, 164.867, 0.508795, 132.069, 0.679623, 12.0574, 0.509596, -108.002, 0.0849076, -129.735
5, 3360.00000, 225.28, -29.7076, 224.798, -149.751, 225.02, 90.201, 5.70941E-005, -27.2947, 0.508699, 132.098, 0.424824, 12.0544, 0.50929, -107.994, 0.054812, 54.0713
5, 3420.00000, 225.327, -29.6945, 224.828, -149.738, 225.053, 90.2116, 5.7082E-005, -27.2684, 0.508593, 132.111, 0.424769, 12.0668, 0.509213, -107.983, 0.0548026, 54.0964
5, 3480.00000, 225.363, -29.6846, 224.85, -149.729, 225.078, 90.2196, 5.70723E-005, -27.2485, 0.508513, 132.121, 0.424727, 12.0762, 0.509156, -107.975, 0.0547951, 54.1154
5, 3540.00000, 225.396, -29.6752, 224.871, -149.72, 225.102, 90.2272, 5.70634E-005, -27.2297, 0.508438, 132.13, 0.424688, 12.085, 0.509102, -107.968, 0.0547881, 54.1334
6, 0.00000, 225.412, -29.6707, 224.881, -149.716, 225.113, 90.2308, 5.70588E-005, -27.2209, 0.508402, 132.134, 0.424669, 12.0893, 0.509077, -107.964, 0.0547845, 54.1419
6, 60.00000, 225.004, -29.7255, 224.563, -149.746, 224.618, 90.1851, 6.59978E-005, -137.048, 0.594213, 132.08, 0.59538, 12.0589, 0.5102, -108.01, 0.0415634, -57.9977
6, 120.00000, 225.049, -29.713, 224.591, -149.734, 224.65, 90.1953, 6.59754E-005, -137.047, 0.594095, 132.092, 0.595304, 12.0708, 0.510127, -108, 0.0415453, -57.9979
6, 180.00000, 225.08, -29.7043, 224.611, -149.726, 224.672, 90.2023, 6.59602E-005, -137.046, 0.594013, 132.101, 0.595253, 12.0789, 0.510077, -107.993, 0.041533, -57.9985
6, 240.00000, 225.123, -29.6923, 224.638, -149.715, 224.703, 90.212, 6.5939E-005, -137.045, 0.593899, 132.113, 0.595182, 12.0903, 0.510007, -107.983, 0.0415159, -57.9994
6, 300.00000, 225.166, -29.6803, 224.664, -149.703, 224.734, 90.2218, 6.59179E-005, -137.044, 0.593785, 132.125, 0.595111, 12.1017, 0.509937, -107.973, 0.0414988, -58.0002
6, 360.00000, 224.94, -29.6467, 224.507, -149.731, 224.935, 90.2421, 9.40605E-005, 4.61292, 0.679292, 132.158, 0.595528, 12.0741, 0.764222, -107.953, 0.0926095, 80.4421
6, 420.00000, 224.981, -29.6353, 224.532, -149.72, 224.964, 90.2514, 9.40528E-005, 4.63247, 0.679169, 132.17, 0.595461, 12.085, 0.764122, -107.944, 0.0926021, 80.4603
6, 480.00000, 225.021, -29.6242, 224.557, -149.71, 224.992, 90.2604, 9.40461E-005, 4.65199, 0.679049, 132.181, 0.595395, 12.0955, 0.764027, -107.935, 0.0925955, 80.4784
6, 540.00000, 225.047, -29.6169, 224.573, -149.703, 225.011, 90.2663, 9.40416E-005, 4.66499, 0.67897, 132.188, 0.595351, 12.1024, 0.763963, -107.929, 0.0925911, 80.4905
6, 600.00000, 225.086, -29.6059, 224.598, -149.692, 225.039, 90.2752, 9.40349E-005, 4.68421, 0.678851, 132.199, 0.595286, 12.1128, 0.763868, -107.92, 0.0925846, 80.5083
6, 660.00000, 225.479, -29.6244, 224.683, -149.637, 224.73, 90.2509, 5.73376E-005, -29.403, 0.67767, 132.181, 0.595061, 12.168, 0.679926, -107.944, 0.0576829, 55.2628
6, 720.00000, 225.518, -29.6133, 224.708, -149.627, 224.759, 90.2599, 5.73251E-005, -29.377, 0.67755, 132.192, 0.594995, 12.1785, 0.679841, -107.935, 0.057674, 55.287
6, 780.00000, 225.557, -29.6024, 224.732, -149.616, 224.786, 90.2687, 5.73125E-005, -29.3517, 0.677433, 132.203, 0.59493, 12.1889, 0.679756, -107.926, 0.0576651, 55.3107
6, 840.00000, 225.589, -29.5934, 224.752, -149.608, 224.809, 90.276, 5.73022E-005, -29.3308, 0.677336, 132.212, 0.594877, 12.1974, 0.679687, -107.919, 0.0576577, 55.3302
6, 900.00000, 225.631, -29.5819, 224.778, -149.597, 224.839, 90.2853, 5.7289E-005, -29.3041, 0.677213, 132.223, 0.594809, 12.2083, 0.679598, -107.91, 0.0576483, 55.3552
6, 960.00000, 225.356, -29.5416, 224.638, -149.634, 225.243, 90.3169, 0.000181693, -139.126, 0.678037, 132.264, 0.680207, 12.1711, 0.423986, -107.878, 0.136069, -64.4718
6, 1020.00000, 225.381, -29.5346, 224.654, -149.627, 225.26, 90.3226, 0.00018167, -139.123, 0.677961, 132.271, 0.680158, 12.1777, 0.423953, -107.872, 0.13605, -64.4685
6, 1080.00000, 225.419, -29.524, 224.677, -149.617, 225.287, 90.3311, 0.000181636, -139.118, 0.677847, 132.281, 0.680087, 12.1877, 0.423902, -107.864, 0.136023, -64.4637
6, 1140.00000, 225.464, -29.5117, 224.705, -149.606, 225.319, 90.3411, 0.000181597, -139.112, 0.677714, 132.293, 0.680003, 12.1994, 0.423843, -107.854, 0.135992, -64.4581
6, 1200.00000, 225.49, -29.5042, 224.722, -149.599, 225.338, 90.3472, 0.000181573, -139.108, 0.677633, 132.301, 0.679952, 12.2065, 0.423808, -107.848, 0.135973, -64.4546
6, 1260.00000, 225.743, -29.4851, 224.701, -149.578, 225.302, 90.34, 0.000109254, -111.092, 0.761484, 132.32, 0.680013, 12.2272, 0.593425, -107.855, 0.0802097, -30.1433
6, 1320.00000, 225.795, -29.4705, 224.734, -149.564, 225.339, 90.3517, 0.000109211, -111.083, 0.761307, 132.335, 0.679915, 12.241, 0.593326, -107.843, 0.0801744, -30.1331
6, 1380.00000, 225.834, -29.4597, 224.758, -149.554, 225.367, 90.3605, 0.000109179, -111.076, 0.761177, 132.345, 0.679842, 12.2512, 0.593253, -107.834, 0.0801483, -30.1247
6, 1440.00000, 225.863, -29.4515, 224.776, -149.546, 225.388, 90.3672, 0.000109155, -111.07, 0.761078, 132.354, 0.679786, 12.2591, 0.593198, -107.828, 0.0801283, -30.1183
6, 1500.00000, 225.909, -29.4387, 224.805, -149.534, 225.421, 90.3776, 0.000109117, -111.062, 0.760923, 132.366, 0.679699, 12.2712, 0.593112, -107.817, 0.080097, -30.1086
6, 1560.00000, 225.828, -29.4613, 225.222, -149.513, 225.447, 90.4233, 5.88039E-005, 168.86, 0.507466, 132.344, 0.593638, 12.2924, 0.508323, -107.772, 0.0383434, -131.411
6, 1620.00000, 225.872, -29.449, 225.249, -149.501, 225.478, 90.4333, 5.8797E-005, 168.857, 0.507364, 132.356, 0.593563, 12.3041, 0.508252, -107.762, 0.038342, -131.417
6, 1680.00000, 225.922, -29.4351, 225.28, -149.488, 225.513, 90.4445, 5.87902E-005, 168.855, 0.507252, 132.37, 0.593482, 12.3173, 0.508172, -107.75, 0.0383408, -131.423
6, 1740.00000, 225.968, -29.4222, 225.309, -149.476, 225.546, 90.455, 5.87838E-005, 168.853, 0.507149, 132.383, 0.593406, 12.3294, 0.508099, -107.74, 0.0383397, -131.429
6, 1800.00000, 226.009, -29.4109, 225.334, -149.465, 225.575, 90.4641, 5.87783E-005, 168.851, 0.507058, 132.394, 0.59334, 12.3401, 0.508034, -107.731, 0.0383388, -131.433
6, 1860.00000, 226.007, -29.4083, 225.394, -149.447, 225.391, 90.4757, 0.000171206, -22.7508, 0.760595, 132.397, 0.508435, 12.3577, 0.762672, -107.719, 0.152009, 53.5001
6, 1920.00000, 226.052, -29.3958, 225.422, -149.436, 225.423, 90.4858, 0.000171175, -22.7322, 0.760442, 132.409, 0.508378, 12.3696, 0.762563, -107.709, 0.151983, 53.5186
6, 1980.00000, 226.08, -29.3878, 225.44, -149.428, 225.444, 90.4923, 0.000171158, -22.7205, 0.760348, 132.417, 0.508339, 12.3771, 0.762495, -107.703, 0.151969, 53.5302
6, 2040.00000, 226.131, -29.3736, 225.471, -149.415, 225.48, 90.5038, 0.000171127, -22.6993, 0.760175, 132.431, 0.508266, 12.3906, 0.762372, -107.691, 0.151942, 53.551
6, 2100.00000, 226.161, -29.3654, 225.49, -149.407, 225.501, 90.5105, 0.000171109, -22.6871, 0.760077, 132.44, 0.508226, 12.3984, 0.762301, -107.684, 0.151928, 53.5631
6, 2160.00000, 226.388, -29.3378, 225.49, -149.39, 225.663, 90.5061, 6.64763E-005, -136.573, 0.674949, 132.467, 0.677635, 12.4146, 0.592475, -107.689, 0.0401169, -56.3736
6, 2220.00000, 226.439, -29.3234, 225.522, -149.377, 225.7, 90.5178, 6.64487E-005, -136.575, 0.67479, 132.482, 0.677537, 12.4283, 0.592376, -107.677, 0.0400942, -56.3786
6, 2280.00000, 226.485, -29.3106, 225.55, -149.365, 225.733, 90.5281, 6.64251E-005, -136.575, 0.674655, 132.495, 0.677452, 12.4404, 0.592291, -107.667, 0.040075, -56.381
6, 2340.00000, 226.53, -29.2981, 225.578, -149.353, 225.765, 90.5382, 6.64019E-005, -136.575, 0.674521, 132.507, 0.677369, 12.4522, 0.592208, -107.657, 0.040056, -56.3835
6, 2400.00000, 226.573, -29.286, 225.605, -149.341, 225.796, 90.5481, 6.63793E-005, -136.575, 0.674392, 132.519, 0.677288, 12.4637, 0.592126, -107.647, 0.0400376, -56.3858
6, 2460.00000, 226.543, -29.2628, 225.41, -149.337, 225.856, 90.5513, 0.000159835, -156.509, 0.674484, 132.542, 0.762612, 12.4681, 0.507402, -107.644, 0.11495, -84.1109
6, 2520.00000, 226.584, -29.2515, 225.436, -149.326, 225.885, 90.5606, 0.000159806, -156.505, 0.674359, 132.554, 0.762522, 12.4788, 0.507335, -107.634, 0.114928, -84.1077
6, 2580.00000, 226.621, -29.241, 225.459, -149.316, 225.912, 90.569, 0.000159781, -156.501, 0.674248, 132.564, 0.762443, 12.4887, 0.507276, -107.626, 0.11491, -84.1048
6, 2640.00000, 226.664, -29.2292, 225.485, -149.305, 225.942, 90.5786, 0.000159753, -156.496, 0.674122, 132.576, 0.762354, 12.4999, 0.507208, -107.616, 0.114888, -84.1016
6, 2700.00000, 226.687, -29.2227, 225.499, -149.299, 225.958, 90.5838, 0.000159738, -156.494, 0.674055, 132.582, 0.762307, 12.5061, 0.507172, -107.611, 0.114877, -84.0997
6, 2760.00000, 226.547, -29.1895, 225.496, -149.309, 226.107, 90.6076, 0.000121154, -82.5672, 0.758784, 132.616, 0.592914, 12.4964, 0.591314, -107.587, 0.0979284, -1.68624
6, 2820.00000, 226.591, -29.1771, 225.524, -149.297, 226.138, 90.6177, 0.000121112, -82.554, 0.758629, 132.628, 0.592839, 12.5082, 0.591228, -107.577, 0.0978948, -1.67113
6, 2880.00000, 226.637, -29.1643, 225.552, -149.285, 226.171, 90.6281, 0.000121072, -82.5396, 0.758475, 132.641, 0.592764, 12.5203, 0.591143, -107.567, 0.097862, -1.65502
6, 2940.00000, 226.647, -29.1616, 225.558, -149.282, 226.178, 90.6302, 0.000121065, -82.5366, 0.758447, 132.644, 0.592751, 12.5229, 0.591127, -107.565, 0.0978561, -1.65169
6, 3000.00000, 226.696, -29.1481, 225.588, -149.269, 226.212, 90.6412, 0.000121021, -82.5214, 0.75828, 132.657, 0.592669, 12.5358, 0.591034, -107.554, 0.0978205, -1.63457
6, 3060.00000, 227.015, -29.1454, 225.489, -149.232, 226.133, 90.6163, 0.000116624, 166.215, 0.673081, 132.66, 0.847054, 12.5728, 0.675691, -107.579, 0.0825326, -130.225
6, 3120.00000, 227.053, -29.1346, 225.514, -149.222, 226.161, 90.625, 0.000116601, 166.214, 0.672965, 132.671, 0.846953, 12.583, 0.675623, -107.57, 0.0825185, -130.229
6, 3180.00000, 227.099, -29.1219, 225.542, -149.21, 226.193, 90.6353, 0.000116589, 166.216, 0.67283, 132.683, 0.846846, 12.595, 0.675526, -107.56, 0.0825129, -130.228
6, 3240.00000, 227.126, -29.1143, 225.559, -149.203, 226.212, 90.6415, 0.000116582, 166.218, 0.672751, 132.691, 0.846784, 12.6022, 0.67547, -107.553, 0.0825094, -130.227
6, 3300.00000, 227.156, -29.1059, 225.578, -149.195, 226.234, 90.6483, 0.000116574, 166.22, 0.672661, 132.699, 0.846713, 12.6103, 0.675405, -107.547, 0.0825057, -130.226
6, 3360.00000, 226.992, -29.1058, 225.791, -149.191, 226.212, 90.6882, 9.4604E-005, 136.517, 0.589004, 132.699, 0.761319, 12.6145, 0.675472, -107.507, 0.0744247, -164.37
6, 3420.00000, 227.015, -29.0992, 225.805, -149.184, 226.229, 90.6936, 9.4604E-005, 136.521, 0.588944, 132.706, 0.761274, 12.6208, 0.675421, -107.501, 0.0744257, -164.365
6, 3480.00000, 227.074, -29.083, 225.841, -149.169, 226.27, 90.7068, 9.46002E-005, 136.527, 0.588788, 132.722, 0.761149, 12.6362, 0.675294, -107.488, 0.0744263, -164.357
6, 3540.00000, 227.12, -29.0701, 225.87, -149.157, 226.303, 90.7172, 9.45969E-005, 136.532, 0.58867, 132.735, 0.761053, 12.6485, 0.675197, -107.478, 0.0744263, -164.351
7, 0.00000, 227.164, -29.0579, 225.897, -149.145, 226.334, 90.7271, 9.45938E-005, 136.537, 0.588557, 132.747, 0.760962, 12.66, 0.675104, -107.468, 0.0744264, -164.345
7, 60.00000, 226.811, -29.0942, 225.523, -149.203, 226.202, 90.678, 0.000215261, -125.8, 0.757901, 132.711, 0.67753, 12.6021, 0.422187, -107.517, 0.165738, -50.3006
7, 120.00000, 226.817, -29.0924, 225.527, -149.201, 226.206, 90.6795, 0.00021525, -125.8, 0.757877, 132.713, 0.677523, 12.6038, 0.42218, -107.515, 0.165728, -50.3002
7, 180.00000, 226.881, -29.0746, 225.567, -149.185, 226.252, 90.6939, 0.000215177, -125.789, 0.757656, 132.731, 0.677399, 12.6206, 0.422092, -107.501, 0.165668, -50.2899
7, 240.00000, 226.94, -29.0582, 225.604, -149.169, 226.293, 90.7072, 0.00021511, -125.779, 0.757459, 132.747, 0.677289, 12.6362, 0.422014, -107.488, 0.165614, -50.2801
7, 300.00000, 226.975, -29.0486, 225.625, -149.16, 226.318, 90.715, 0.000215073, -125.773, 0.757349, 132.757, 0.677228, 12.6452, 0.421971, -107.48, 0.165584, -50.2742
7, 360.00000, 227.148, -29.0282, 225.582, -149.125, 226.168, 90.7178, 0.000106895, -164.723, 0.756763, 132.777, 0.846694, 12.6801, 0.675604, -107.477, 0.0690067, -95.0501
7, 420.00000, 227.19, -29.0163, 225.609, -149.114, 226.199, 90.7274, 0.00010688, -164.718, 0.756629, 132.789, 0.846595, 12.6915, 0.675508, -107.468, 0.0689971, -95.0465
7, 480.00000, 227.238, -29.0029, 225.638, -149.101, 226.233, 90.7382, 0.000106857, -164.717, 0.756468, 132.802, 0.846483, 12.7042, 0.675405, -107.457, 0.0689822, -95.0499
7, 540.00000, 227.289, -28.9885, 225.67, -149.087, 226.27, 90.7499, 0.000106833, -164.716, 0.756296, 132.817, 0.846362, 12.7178, 0.675295, -107.445, 0.0689663, -95.0537
7, 600.00000, 227.338, -28.975, 225.7, -149.075, 226.304, 90.7608, 0.000106811, -164.716, 0.756135, 132.83, 0.846249, 12.7306, 0.675193, -107.434, 0.0689514, -95.0572
7, 660.00000, 227.233, -28.9761, 225.986, -149.079, 226.413, 90.7933, 9.32826E-005, 5.1388, 0.756496, 132.829, 0.676137, 12.7265, 0.843583, -107.402, 0.0939328, 81.3471
7, 720.00000, 227.251, -28.9709, 225.997, -149.074, 226.426, 90.7976, 9.3274E-005, 5.15533, 0.756429, 132.834, 0.676113, 12.7314, 0.843539, -107.397, 0.093926, 81.3619
7, 780.00000, 227.297, -28.9583, 226.025, -149.062, 226.459, 90.8078, 9.3266E-005, 5.17946, 0.756274, 132.847, 0.676026, 12.7433, 0.843416, -107.387, 0.0939183, 81.3839
7, 840.00000, 227.341, -28.9461, 226.052, -149.05, 226.49, 90.8178, 9.32584E-005, 5.20231, 0.756127, 132.859, 0.675945, 12.7549, 0.8433, -107.377, 0.0939109, 81.4048
7, 900.00000, 227.389, -28.9325, 226.082, -149.037, 226.524, 90.8287, 9.325E-005, 5.22759, 0.755965, 132.873, 0.675855, 12.7678, 0.843171, -107.366, 0.0939027, 81.4279
7, 960.00000, 227.463, -28.9498, 226.105, -149.01, 226.274, 90.8234, 0.00025545, 28.2098, 0.587789, 132.855, 0.506842, 12.7949, 0.928516, -107.372, 0.226273, 100.789
7, 1020.00000, 227.531, -28.9311, 226.147, -148.992, 226.322, 90.8386, 0.000255412, 28.2312, 0.587603, 132.874, 0.506743, 12.8127, 0.928313, -107.356, 0.226239, 100.81
7, 1080.00000, 227.547, -28.9265, 226.157, -148.988, 226.334, 90.8424, 0.000255403, 28.2358, 0.587568, 132.879, 0.506725, 12.8171, 0.928271, -107.352, 0.226231, 100.814
7, 1140.00000, 227.608, -28.9096, 226.194, -148.972, 226.378, 90.8561, 0.000255368, 28.254, 0.587404, 132.895, 0.506637, 12.8331, 0.928088, -107.339, 0.226199, 100.832
7, 1200.00000, 227.626, -28.9044, 226.206, -148.967, 226.391, 90.8603, 0.000255358, 28.2591, 0.587363, 132.901, 0.506616, 12.838, 0.92804, -107.335, 0.22619, 100.838
7, 1260.00000, 227.595, -28.8701, 226.089, -148.966, 226.587, 90.8805, 4.74756E-005, 109.267, 0.755287, 132.935, 0.844803, 12.8391, 0.842944, -107.314, 0.0468009, 155.73
7, 1320.00000, 227.644, -28.8566, 226.119, -148.953, 226.621, 90.8914, 4.74878E-005, 109.267, 0.755118, 132.949, 0.844682, 12.852, 0.842809, -107.303, 0.0468123, 155.742
7, 1380.00000, 227.687, -28.8446, 226.145, -148.942, 226.652, 90.9011, 4.74982E-005, 109.269, 0.754977, 132.961, 0.844584, 12.8633, 0.842697, -107.294, 0.0468218, 155.753
7, 1440.00000, 227.703, -28.84, 226.155, -148.937, 226.663, 90.9048, 4.75016E-005, 109.27, 0.754927, 132.965, 0.84455, 12.8677, 0.842657, -107.29, 0.0468249, 155.758
7, 1500.00000, 227.724, -28.8341, 226.168, -148.932, 226.679, 90.9096, 4.75069E-005, 109.271, 0.754856, 132.971, 0.8445, 12.8733, 0.8426, -107.285, 0.0468298, 155.763
7, 1560.00000, 227.943, -28.8183, 226.215, -148.927, 226.817, 90.9073, 0.000112868, -24.3355, 0.837914, 132.987, 0.675457, 12.8781, 0.842084, -107.288, 0.10588, 55.3173
7, 1620.00000, 227.991, -28.8052, 226.243, -148.914, 226.851, 90.9179, 0.000112844, -24.3141, 0.837744, 133, 0.675372, 12.8906, 0.841957, -107.277, 0.105861, 55.3382
7, 1680.00000, 228.026, -28.7954, 226.265, -148.905, 226.876, 90.9259, 0.000112827, -24.2965, 0.837617, 133.01, 0.675309, 12.8999, 0.841865, -107.269, 0.105847, 55.3552
7, 1740.00000, 228.091, -28.7773, 226.305, -148.888, 226.922, 90.9406, 0.000112795, -24.2628, 0.837372, 133.028, 0.675184, 12.9171, 0.841689, -107.254, 0.105822, 55.3877
7, 1800.00000, 228.127, -28.7673, 226.327, -148.878, 226.947, 90.9487, 0.000112779, -24.2453, 0.837247, 133.038, 0.675122, 12.9266, 0.841599, -107.246, 0.105809, 55.4046
7, 1860.00000, 227.962, -28.7655, 226.413, -148.881, 226.989, 90.974, 0.000123635, -137.868, 0.754064, 133.04, 0.759233, 12.9245, 0.589012, -107.221, 0.0856946, -61.628
7, 1920.00000, 227.996, -28.7558, 226.435, -148.872, 227.014, 90.9818, 0.000123608, -137.863, 0.753951, 133.049, 0.759154, 12.9335, 0.588946, -107.213, 0.0856731, -61.6227
7, 1980.00000, 228.029, -28.7468, 226.455, -148.863, 227.037, 90.9891, 0.000123585, -137.86, 0.753845, 133.058, 0.759087, 12.9421, 0.588886, -107.206, 0.0856544, -61.6206
7, 2040.00000, 228.076, -28.7338, 226.484, -148.851, 227.07, 90.9996, 0.00012355, -137.856, 0.753687, 133.071, 0.758988, 12.9544, 0.588799, -107.195, 0.085627, -61.6181
7, 2100.00000, 228.14, -28.7158, 226.523, -148.834, 227.116, 91.0142, 0.000123503, -137.851, 0.75347, 133.089, 0.758852, 12.9715, 0.588678, -107.181, 0.0855893, -61.6146
7, 2160.00000, 228.232, -28.7117, 226.428, -148.792, 226.815, 91.0062, 0.000106031, -164.583, 0.753183, 133.093, 0.843533, 13.0133, 0.673676, -107.189, 0.0684372, -95.0314
7, 2220.00000, 228.276, -28.6994, 226.455, -148.78, 226.847, 91.0162, 0.000106012, -164.584, 0.753025, 133.106, 0.843425, 13.0251, 0.673576, -107.179, 0.0684248, -95.0368
7, 2280.00000, 228.33, -28.6845, 226.489, -148.766, 226.885, 91.0284, 0.000105988, -164.584, 0.752846, 133.121, 0.8433, 13.0393, 0.673461, -107.167, 0.0684089, -95.0411
7, 2340.00000, 228.35, -28.6789, 226.501, -148.761, 226.899, 91.0329, 0.00010598, -164.583, 0.752788, 133.126, 0.843261, 13.0445, 0.673424, -107.162, 0.0684037, -95.0416
7, 2400.00000, 228.385, -28.6691, 226.522, -148.751, 226.924, 91.0408, 0.000105964, -164.583, 0.752669, 133.136, 0.843177, 13.0538, 0.673347, -107.154, 0.0683931, -95.0446
7, 2460.00000, 228.375, -28.6324, 226.543, -148.792, 227.48, 91.0457, 5.9521E-005, 171.055, 0.669081, 133.173, 0.75878, 13.0131, 0.671692, -107.149, 0.0360085, -133.217
7, 2520.00000, 228.417, -28.6207, 226.569, -148.781, 227.51, 91.0553, 5.9519E-005, 171.031, 0.668941, 133.184, 0.7587, 13.024, 0.671613, -107.14, 0.036017, -133.25
7, 2580.00000, 228.474, -28.605, 226.604, -148.766, 227.55, 91.0681, 5.95117E-005, 171.022, 0.668772, 133.2, 0.758581, 13.0389, 0.671493, -107.127, 0.0360191, -133.265
7, 2640.00000, 228.501, -28.5974, 226.621, -148.759, 227.569, 91.0742, 5.95082E-005, 171.02, 0.668699, 133.208, 0.758531, 13.0461, 0.671441, -107.121, 0.0360195, -133.271
7, 2700.00000, 228.524, -28.591, 226.635, -148.753, 227.585, 91.0795, 5.95052E-005, 171.017, 0.668633, 133.214, 0.758484, 13.0522, 0.671394, -107.115, 0.0360202, -133.276
7, 2760.00000, 228.567, -28.592, 226.53, -148.718, 227.282, 91.0713, 0.000108178, -110.447, 0.835641, 133.213, 0.758841, 13.087, 0.67229, -107.124, 0.0780994, -28.2772
7, 2820.00000, 228.59, -28.5856, 226.544, -148.712, 227.298, 91.0765, 0.000108155, -110.443, 0.83555, 133.22, 0.758789, 13.0931, 0.67224, -107.118, 0.0780802, -28.2721
7, 2880.00000, 228.665, -28.5648, 226.59, -148.692, 227.352, 91.0934, 0.000108086, -110.431, 0.835261, 133.24, 0.758624, 13.1129, 0.672075, -107.101, 0.078024, -28.2571
7, 2940.00000, 228.711, -28.552, 226.618, -148.68, 227.384, 91.1039, 0.000108049, -110.423, 0.835101, 133.253, 0.758535, 13.125, 0.671983, -107.091, 0.077993, -28.2475
7, 3000.00000, 228.734, -28.5457, 226.632, -148.674, 227.4, 91.1089, 0.000108031, -110.42, 0.835026, 133.259, 0.758494, 13.1309, 0.67194, -107.086, 0.0779786, -28.2428
7, 3060.00000, 228.801, -28.5504, 226.756, -148.665, 227.419, 91.1282, 0.0001048, 38.4416, 0.667829, 133.255, 0.67385, 13.1397, 0.839863, -107.067, 0.103932, 109.2
7, 3120.00000, 228.84, -28.5392, 226.781, -148.655, 227.447, 91.1372, 0.000104796, 38.4571, 0.667704, 133.266, 0.67377, 13.1503, 0.839748, -107.058, 0.103926, 109.215
7, 3180.00000, 228.87, -28.5311, 226.799, -148.647, 227.468, 91.1437, 0.000104794, 38.468, 0.667622, 133.274, 0.673719, 13.1579, 0.839674, -107.051, 0.103923, 109.226
7, 3240.00000, 228.901, -28.5225, 226.818, -148.639, 227.49, 91.1507, 0.000104792, 38.4799, 0.667531, 133.283, 0.673662, 13.1661, 0.839592, -107.044, 0.10392, 109.237
7, 3300.00000, 228.92, -28.5169, 226.83, -148.634, 227.504, 91.1552, 0.000104791, 38.4873, 0.667476, 133.288, 0.673628, 13.1714, 0.839542, -107.04, 0.103918, 109.244
7, 3360.00000, 228.872, -28.4939, 226.948, -148.614, 227.535, 91.1958, 0.000101613, -53.9576, 0.834526, 133.311, 0.673283, 13.1913, 0.755489, -106.999, 0.0894555, 29.29
7, 3420.00000, 228.892, -28.4883, 226.96, -148.609, 227.549, 91.2003, 0.000101598, -53.948, 0.834449, 133.317, 0.673243, 13.1966, 0.755438, -106.995, 0.0894442, 29.3001
7, 3480.00000, 228.931, -28.4776, 226.984, -148.598, 227.576, 91.209, 0.00010157, -53.9299, 0.834303, 133.328, 0.673169, 13.2067, 0.755343, -106.986, 0.0894224, 29.3194
7, 3540.00000, 228.953, -28.4715, 226.997, -148.593, 227.592, 91.214, 0.000101555, -53.9201, 0.834227, 133.334, 0.673132, 13.2126, 0.755295, -106.981, 0.0894113, 29.3298
8, 0.00000, 229.004, -28.4573, 227.028, -148.579, 227.628, 91.2255, 0.000101518, -53.8959, 0.834032, 133.348, 0.673033, 13.2261, 0.755169, -106.969, 0.0893822, 29.3555
8, 60.00000, 229.029, -28.5758, 226.73, -148.687, 227.32, 91.0666, 0.000144611, 19.2626, 0.667166, 133.229, 0.589688, 13.118, 0.840228, -107.128, 0.135464, 92.7098
8, 120.00000, 229.073, -28.5636, 226.758, -148.675, 227.351, 91.0766, 0.000144599, 19.2801, 0.667024, 133.242, 0.589609, 13.1297, 0.840102, -107.118, 0.135452, 92.7267
8, 180.00000, 229.096, -28.5573, 226.771, -148.67, 227.367, 91.0817, 0.000144593, 19.2879, 0.666965, 133.248, 0.589576, 13.1356, 0.840047, -107.113, 0.135447, 92.7343
8, 240.00000, 229.162, -28.5389, 226.812, -148.652, 227.414, 91.0967, 0.000144576, 19.3138, 0.666761, 133.266, 0.589463, 13.1531, 0.839864, -107.098, 0.13543, 92.7593
8, 300.00000, 229.207, -28.5261, 226.84, -148.64, 227.447, 91.1071, 0.000144565, 19.3304, 0.666633, 133.279, 0.589393, 13.1652, 0.839748, -107.088, 0.135419, 92.7755
8, 360.00000, 228.938, -28.5037, 226.726, -148.66, 227.613, 91.144, 0.000108914, -110.585, 0.917713, 133.301, 0.842427, 13.1453, 0.755229, -107.051, 0.0773938, -27.2726
8, 420.00000, 229.005, -28.4849, 226.768, -148.642, 227.661, 91.1592, 0.00010885, -110.573, 0.917425, 133.32, 0.842257, 13.1631, 0.755056, -107.036, 0.0773416, -27.2575
8, 480.00000, 229.053, -28.4716, 226.797, -148.629, 227.695, 91.17, 0.000108808, -110.565, 0.91724, 133.334, 0.842152, 13.1758, 0.754948, -107.025, 0.0773076, -27.247
8, 540.00000, 229.113, -28.4548, 226.835, -148.613, 227.738, 91.1836, 0.000108753, -110.555, 0.916994, 133.35, 0.84201, 13.1918, 0.754803, -107.011, 0.0772621, -27.2341
8, 600.00000, 229.175, -28.4374, 226.873, -148.597, 227.782, 91.1977, 0.000108697, -110.545, 0.916745, 133.368, 0.841867, 13.2082, 0.754657, -106.997, 0.0772161, -27.2207
8, 660.00000, 229.462, -28.4196, 226.906, -148.568, 227.81, 91.1837, 0.000172994, 165.24, 0.74913, 133.386, 1.01008, 13.2367, 0.754576, -107.011, 0.127064, -129.376
8, 720.00000, 229.515, -28.405, 226.938, -148.554, 227.847, 91.1956, 0.000172997, 165.248, 0.748956, 133.4, 1.00995, 13.2508, 0.754444, -106.999, 0.12707, -129.368
8, 780.00000, 229.554, -28.394, 226.962, -148.544, 227.875, 91.2045, 0.000172983, 165.253, 0.74883, 133.411, 1.00985, 13.2613, 0.754353, -106.99, 0.127062, -129.364
8, 840.00000, 229.565, -28.391, 226.969, -148.541, 227.883, 91.207, 0.000172979, 165.255, 0.748804, 133.414, 1.00983, 13.2641, 0.754333, -106.988, 0.127059, -129.362
8, 900.00000, 229.608, -28.379, 226.996, -148.53, 227.914, 91.2168, 0.000172962, 165.26, 0.748654, 133.426, 1.0097, 13.2756, 0.754225, -106.978, 0.12705, -129.358
8, 960.00000, 229.674, -28.3646, 226.892, -148.529, 227.895, 91.202, 5.56095E-005, -27.7621, 0.748443, 133.441, 0.673436, 13.2759, 0.754303, -106.993, 0.0578415, 58.2575
8, 1020.00000, 229.673, -28.3649, 226.891, -148.529, 227.894, 91.2017, 5.56035E-005, -27.775, 0.748455, 133.44, 0.673451, 13.2758, 0.754298, -106.993, 0.0578345, 58.2487
8, 1080.00000, 229.705, -28.356, 226.911, -148.521, 227.917, 91.209, 5.55913E-005, -27.7511, 0.74834, 133.449, 0.673385, 13.2843, 0.754216, -106.986, 0.0578261, 58.2707
8, 1140.00000, 229.735, -28.3478, 226.929, -148.513, 227.938, 91.2157, 5.55817E-005, -27.7313, 0.748246, 133.457, 0.673332, 13.2921, 0.754147, -106.979, 0.0578195, 58.2889
8, 1200.00000, 229.746, -28.3446, 226.936, -148.51, 227.946, 91.2182, 5.55788E-005, -27.725, 0.748215, 133.461, 0.673315, 13.295, 0.754124, -106.977, 0.0578175, 58.2948
8, 1260.00000, 229.653, -28.3515, 227.247, -148.491, 227.955, 91.2706, 0.000262277, -69.4398, 0.998029, 133.454, 0.588346, 13.3139, 0.670309, -106.924, 0.218557, 7.05935
8, 1320.00000, 229.685, -28.3424, 227.268, -148.482, 227.978, 91.278, 0.000262228, -69.4289, 0.997875, 133.463, 0.588287, 13.3226, 0.670232, -106.917, 0.218516, 7.07062
8, 1380.00000, 229.695, -28.3396, 227.274, -148.48, 227.985, 91.2803, 0.000262216, -69.4258, 0.99784, 133.466, 0.588275, 13.3253, 0.670216, -106.914, 0.218507, 7.07381
8, 1440.00000, 229.725, -28.3314, 227.292, -148.472, 228.006, 91.287, 0.000262172, -69.416, 0.997705, 133.474, 0.588224, 13.3331, 0.67015, -106.908, 0.21847, 7.08389
8, 1500.00000, 229.755, -28.323, 227.31, -148.464, 228.028, 91.2938, 0.000262129, -69.4062, 0.997574, 133.482, 0.588176, 13.3411, 0.670087, -106.901, 0.218435, 7.09401
8, 1560.00000, 230.241, -28.3013, 227.207, -148.418, 228.005, 91.2677, 0.000140566, 82.8011, 0.497739, 133.504, 0.672513, 13.3875, 0.753932, -106.927, 0.127547, 149.322
8, 1620.00000, 230.267, -28.2942, 227.223, -148.411, 228.023, 91.2735, 0.000140563, 82.8078, 0.497676, 133.511, 0.672461, 13.3942, 0.753867, -106.921, 0.127543, 149.33
8, 1680.00000, 230.3, -28.2851, 227.243, -148.402, 228.046, 91.2809, 0.000140556, 82.8163, 0.497603, 133.52, 0.6724, 13.4029, 0.753788, -106.914, 0.127537, 149.338
8, 1740.00000, 230.333, -28.2757, 227.264, -148.393, 228.07, 91.2886, 0.000140548, 82.8249, 0.497531, 133.529, 0.672338, 13.4118, 0.753709, -106.906, 0.12753, 149.347
8, 1800.00000, 230.347, -28.2718, 227.272, -148.39, 228.08, 91.2917, 0.000140544, 82.8284, 0.497506, 133.533, 0.672317, 13.4155, 0.753681, -106.903, 0.127526, 149.351
8, 1860.00000, 229.862, -28.2667, 227.446, -148.436, 228.426, 91.3449, 1.0109E-005, -119.582, 0.747839, 133.538, 0.755785, 13.369, 0.75254, -106.85, 0.0125071, 76.2899
8, 1920.00000, 229.895, -28.2576, 227.467, -148.428, 228.449, 91.3524, 1.00919E-005, -119.603, 0.747723, 133.548, 0.755708, 13.3777, 0.752457, -106.842, 0.0125094, 76.3614
8, 1980.00000, 229.939, -28.2452, 227.494, -148.416, 228.481, 91.3624, 1.00718E-005, -119.642, 0.747575, 133.56, 0.755614, 13.3894, 0.752351, -106.832, 0.0125103, 76.453
8, 2040.00000, 229.984, -28.2325, 227.522, -148.404, 228.513, 91.3727, 1.00519E-005, -119.68, 0.747426, 133.573, 0.755521, 13.4015, 0.752245, -106.822, 0.0125111, 76.5437
8, 2100.00000, 230, -28.2282, 227.531, -148.4, 228.524, 91.3762, 1.00471E-005, -119.686, 0.747387, 133.577, 0.755497, 13.4055, 0.752216, -106.819, 0.0125115, 76.566
8, 2160.00000, 230.182, -28.2179, 227.462, -148.364, 228.301, 91.3623, 0.000143307, 124.003, 0.580847, 133.587, 0.839699, 13.4415, 0.752955, -106.833, 0.118878, -173.227
8, 2220.00000, 230.247, -28.1998, 227.502, -148.346, 228.347, 91.377, 0.000143297, 124.015, 0.580661, 133.605, 0.839535, 13.4588, 0.752787, -106.818, 0.118872, -173.213
8, 2280.00000, 230.315, -28.1806, 227.544, -148.328, 228.396, 91.3926, 0.000143284, 124.029, 0.580486, 133.625, 0.839378, 13.4771, 0.752625, -106.802, 0.118863, -173.199
8, 2340.00000, 230.332, -28.176, 227.554, -148.324, 228.408, 91.3964, 0.000143279, 124.032, 0.580462, 133.629, 0.839355, 13.4814, 0.752599, -106.799, 0.118859, -173.195
8, 2400.00000, 230.374, -28.1641, 227.581, -148.313, 228.438, 91.406, 0.000143272, 124.041, 0.580346, 133.641, 0.839251, 13.4927, 0.752492, -106.789, 0.118854, -173.186
8, 2460.00000, 230.348, -28.1712, 227.848, -148.298, 228.447, 91.4418, 4.66447E-005, 35.7734, 0.82918, 133.634, 0.838278, 13.5066, 0.91969, -106.753, 0.0595667, 105.249
8, 2520.00000, 230.392, -28.159, 227.875, -148.287, 228.478, 91.4517, 4.6653E-005, 35.8078, 0.829004, 133.646, 0.838168, 13.5183, 0.919552, -106.743, 0.0595701, 105.276
8, 2580.00000, 230.402, -28.1562, 227.881, -148.284, 228.485, 91.454, 4.66534E-005, 35.8119, 0.828981, 133.649, 0.838154, 13.521, 0.919532, -106.741, 0.05957, 105.28
8, 2640.00000, 230.459, -28.1404, 227.915, -148.269, 228.525, 91.4668, 4.66642E-005, 35.8547, 0.828759, 133.665, 0.838013, 13.536, 0.919357, -106.728, 0.0595746, 105.314
8, 2700.00000, 230.499, -28.1293, 227.94, -148.259, 228.554, 91.4758, 4.66701E-005, 35.8805, 0.828623, 133.676, 0.837928, 13.5466, 0.919248, -106.719, 0.0595768, 105.335
8, 2760.00000, 230.602, -28.1344, 227.914, -148.228, 228.321, 91.4726, 0.000145815, -2.94875, 0.911074, 133.671, 0.754232, 13.5769, 1.00385, -106.722, 0.138499, 73.5697
8, 2820.00000, 230.611, -28.1319, 227.919, -148.226, 228.327, 91.4746, 0.000145814, -2.94851, 0.911054, 133.673, 0.754212, 13.5793, 1.00382, -106.72, 0.138497, 73.5702
8, 2880.00000, 230.638, -28.1243, 227.936, -148.219, 228.346, 91.4807, 0.000145803, -2.9354, 0.91094, 133.681, 0.754151, 13.5865, 1.00373, -106.714, 0.138487, 73.5826
8, 2940.00000, 230.649, -28.1213, 227.942, -148.216, 228.354, 91.4831, 0.0001458, -2.93118, 0.910905, 133.684, 0.754134, 13.5893, 1.0037, -106.712, 0.138484, 73.5867
8, 3000.00000, 230.693, -28.1091, 227.969, -148.204, 228.385, 91.4931, 0.000145781, -2.90971, 0.910717, 133.696, 0.754036, 13.601, 1.00355, -106.702, 0.138468, 73.607
8, 3060.00000, 230.592, -28.074, 227.851, -148.225, 228.617, 91.4923, 0.000100386, -53.1108, 0.828306, 133.731, 0.670614, 13.5799, 0.751911, -106.703, 0.0885518, 30.159
8, 3120.00000, 230.592, -28.0738, 227.852, -148.225, 228.618, 91.4925, 0.000100385, -53.1102, 0.828301, 133.731, 0.670612, 13.5801, 0.751909, -106.702, 0.0885511, 30.1597
8, 3180.00000, 230.657, -28.0559, 227.891, -148.208, 228.664, 91.507, 0.000100335, -53.0789, 0.828044, 133.749, 0.670478, 13.5972, 0.751742, -106.688, 0.0885124, 30.1931
8, 3240.00000, 230.68, -28.0494, 227.905, -148.202, 228.68, 91.5123, 0.000100323, -53.0697, 0.827978, 133.756, 0.670448, 13.6033, 0.751698, -106.683, 0.088503, 30.2027
8, 3300.00000, 230.729, -28.0356, 227.936, -148.189, 228.716, 91.5235, 0.000100286, -53.0463, 0.827789, 133.77, 0.670351, 13.6165, 0.751575, -106.671, 0.0884748, 30.2277
8, 3360.00000, 230.709, -28.0455, 228.026, -148.178, 228.669, 91.5413, 0.000316069, -70.7902, 1.07624, 133.76, 0.586336, 13.6272, 0.668216, -106.654, 0.263066, 5.05966
8, 3420.00000, 230.761, -28.0311, 228.058, -148.164, 228.706, 91.553, 0.000315976, -70.7732, 1.07598, 133.774, 0.58624, 13.6409, 0.668094, -106.642, 0.26299, 5.07701
8, 3480.00000, 230.805, -28.0189, 228.085, -148.153, 228.737, 91.5629, 0.000315906, -70.7595, 1.07578, 133.786, 0.586174, 13.6524, 0.668006, -106.632, 0.262931, 5.09107
8, 3540.00000, 230.837, -28.0099, 228.105, -148.144, 228.759, 91.5702, 0.000315855, -70.7495, 1.07564, 133.795, 0.586126, 13.661, 0.667942, -106.625, 0.262889, 5.10137
9, 0.00000, 230.862, -28.0029, 228.12, -148.137, 228.777, 91.5759, 0.000315814, -70.7416, 1.07552, 133.802, 0.586089, 13.6676, 0.667892, -106.619, 0.262855, 5.10944
9, 60.00000, 230.806, -28.142, 227.686, -148.251, 228.386, 91.4014, 0.000155808, -176.231, 0.74478, 133.663, 0.922765, 13.5547, 0.669044, -106.793, 0.109728, -108.095
9, 120.00000, 230.889, -28.1188, 227.738, -148.229, 228.445, 91.4203, 0.000155766, -176.224, 0.744513, 133.686, 0.922552, 13.5765, 0.668869, -106.775, 0.1097, -108.09
9, 180.00000, 230.933, -28.1066, 227.765, -148.217, 228.476, 91.4303, 0.000155744, -176.221, 0.744356, 133.699, 0.92243, 13.5882, 0.668769, -106.765, 0.109686, -108.089
9, 240.00000, 230.851, -28.1294, 227.714, -148.239, 228.418, 91.4117, 0.000155784, -176.227, 0.744636, 133.676, 0.922648, 13.5665, 0.668949, -106.783, 0.109712, -108.092
9, 300.00000, 230.922, -28.1095, 227.758, -148.22, 228.469, 91.4279, 0.000155748, -176.223, 0.744378, 133.696, 0.922447, 13.5855, 0.668784, -106.767, 0.109689, -108.09
9, 360.00000, 230.827, -28.0674, 227.791, -148.25, 228.851, 91.4643, 9.26074E-005, 7.09235, 0.744715, 133.738, 0.670789, 13.5551, 0.834606, -106.731, 0.0932228, 83.1491
9, 420.00000, 230.873, -28.0545, 227.819, -148.238, 228.884, 91.4747, 9.25971E-005, 7.11783, 0.744548, 133.751, 0.670695, 13.5674, 0.834472, -106.72, 0.093213, 83.1723
9, 480.00000, 230.908, -28.0447, 227.841, -148.228, 228.909, 91.4827, 9.25914E-005, 7.1348, 0.744439, 133.76, 0.670634, 13.5767, 0.834383, -106.712, 0.0932074, 83.188
9, 540.00000, 230.914, -28.043, 227.844, -148.227, 228.913, 91.4841, 9.25909E-005, 7.13605, 0.744431, 133.762, 0.670631, 13.5783, 0.834376, -106.711, 0.0932068, 83.1893
9, 600.00000, 230.963, -28.0294, 227.875, -148.214, 228.948, 91.4952, 9.25822E-005, 7.16319, 0.744257, 133.776, 0.670531, 13.5913, 0.834238, -106.7, 0.0931983, 83.2139
9, 660.00000, 230.895, -28.0312, 228.085, -148.21, 229, 91.5149, 5.54674E-005, -28.348, 0.827218, 133.774, 0.753666, 13.5947, 0.834058, -106.68, 0.0591867, 59.1935
9, 720.00000, 230.818, -28.0528, 228.037, -148.231, 228.946, 91.4974, 5.54929E-005, -28.4016, 0.827492, 133.752, 0.753824, 13.5744, 0.83426, -106.697, 0.0592035, 59.145
9, 780.00000, 230.907, -28.0278, 228.092, -148.207, 229.009, 91.5178, 5.54612E-005, -28.3379, 0.827172, 133.777, 0.753642, 13.5981, 0.834028, -106.677, 0.0591826, 59.203
9, 840.00000, 230.938, -28.0193, 228.111, -148.199, 229.031, 91.5247, 5.54483E-005, -28.313, 0.82705, 133.786, 0.753572, 13.6062, 0.833941, -106.67, 0.0591742, 59.2254
9, 900.00000, 230.941, -28.0184, 228.113, -148.198, 229.033, 91.5254, 5.54487E-005, -28.3129, 0.82705, 133.787, 0.753573, 13.6071, 0.83394, -106.669, 0.0591744, 59.2257
9, 960.00000, 231.047, -28.014, 228.023, -148.176, 228.902, 91.5146, 0.000194062, 54.3457, 0.578661, 133.791, 0.670118, 13.6288, 0.917854, -106.68, 0.17717, 124.546
9, 1020.00000, 231.086, -28.003, 228.047, -148.166, 228.93, 91.5235, 0.000194051, 54.3531, 0.578559, 133.802, 0.670025, 13.6392, 0.917737, -106.671, 0.177159, 124.554
9, 1080.00000, 231.115, -27.9948, 228.065, -148.158, 228.95, 91.5302, 0.000194041, 54.361, 0.57849, 133.81, 0.669975, 13.647, 0.917658, -106.665, 0.17715, 124.562
9, 1140.00000, 231.131, -27.9902, 228.075, -148.154, 228.962, 91.5339, 0.000194035, 54.3654, 0.578453, 133.815, 0.669949, 13.6513, 0.917615, -106.661, 0.177144, 124.566
9, 1200.00000, 231.163, -27.9814, 228.095, -148.146, 228.984, 91.5411, 0.000194024, 54.3746, 0.578369, 133.824, 0.669888, 13.6597, 0.917521, -106.654, 0.177133, 124.575
9, 1260.00000, 231.097, -27.9633, 227.964, -148.161, 229.119, 91.5442, 4.64451E-005, 36.7579, 0.826493, 133.842, 0.837852, 13.6443, 0.916992, -106.651, 0.059245, 105.85
9, 1320.00000, 231.135, -27.9528, 227.987, -148.151, 229.146, 91.5528, 4.64518E-005, 36.787, 0.826341, 133.852, 0.837755, 13.6544, 0.916872, -106.642, 0.0592473, 105.873
9, 1380.00000, 231.273, -27.9141, 228.072, -148.114, 229.244, 91.5842, 4.64732E-005, 36.8749, 0.825865, 133.891, 0.837455, 13.691, 0.91649, -106.611, 0.0592557, 105.945
9, 1440.00000, 231.274, -27.9136, 228.073, -148.114, 229.245, 91.5846, 4.64739E-005, 36.8772, 0.825858, 133.891, 0.837451, 13.6915, 0.916486, -106.61, 0.0592561, 105.947
9, 1500.00000, 231.195, -27.9357, 228.024, -148.135, 229.189, 91.5666, 4.64607E-005, 36.8245, 0.826141, 133.869, 0.837631, 13.6705, 0.916711, -106.628, 0.0592508, 105.904
9, 1560.00000, 231.591, -27.9071, 228.08, -148.076, 229.107, 91.5593, 0.000191328, 9.58897, 0.742261, 133.898, 0.586197, 13.7291, 0.917033, -106.636, 0.173854, 83.6943
9, 1620.00000, 231.696, -27.878, 228.144, -148.048, 229.182, 91.5831, 0.000191284, 9.62869, 0.741923, 133.927, 0.586034, 13.7569, 0.91674, -106.612, 0.173814, 83.7331
9, 1680.00000, 231.649, -27.8908, 228.115, -148.06, 229.149, 91.5726, 0.000191305, 9.61043, 0.74209, 133.914, 0.586119, 13.7446, 0.916887, -106.622, 0.173833, 83.7153
9, 1740.00000, 231.737, -27.8665, 228.169, -148.037, 229.211, 91.5925, 0.000191266, 9.64376, 0.741791, 133.939, 0.585969, 13.7678, 0.916623, -106.602, 0.173798, 83.7479
9, 1800.00000, 231.681, -27.882, 228.135, -148.052, 229.171, 91.5799, 0.000191292, 9.62163, 0.741993, 133.923, 0.586072, 13.753, 0.9168, -106.615, 0.173821, 83.7263
9, 1860.00000, 231.623, -27.9038, 228.342, -148.057, 229.184, 91.6025, 6.56175E-005, -136.393, 0.824614, 133.901, 0.836464, 13.7482, 0.750055, -106.592, 0.0357041, -53.9674
9, 1920.00000, 231.593, -27.9122, 228.323, -148.065, 229.162, 91.5955, 6.56383E-005, -136.389, 0.824737, 133.893, 0.836544, 13.74, 0.750132, -106.599, 0.0357215, -53.9608
9, 1980.00000, 231.722, -27.876, 228.403, -148.031, 229.254, 91.6251, 6.55656E-005, -136.397, 0.824263, 133.929, 0.836242, 13.7745, 0.749821, -106.57, 0.0356611, -53.9805
9, 2040.00000, 231.767, -27.8634, 228.43, -148.019, 229.286, 91.6353, 6.5537E-005, -136.403, 0.824082, 133.942, 0.836126, 13.7866, 0.749704, -106.559, 0.0356372, -53.9911
9, 2100.00000, 231.734, -27.8727, 228.41, -148.027, 229.263, 91.6278, 6.55617E-005, -136.396, 0.824237, 133.932, 0.836228, 13.7776, 0.749804, -106.567, 0.0356578, -53.9798
9, 2160.00000, 231.616, -27.8242, 228.308, -148.024, 229.401, 91.6443, 6.57897E-005, -136.338, 0.82464, 133.981, 0.836589, 13.781, 0.749339, -106.551, 0.0358843, -53.8044
9, 2220.00000, 231.697, -27.8016, 228.358, -148.003, 229.459, 91.6627, 6.57433E-005, -136.343, 0.824353, 134.003, 0.836408, 13.8025, 0.749154, -106.532, 0.0358456, -53.8156
9, 2280.00000, 231.61, -27.826, 228.304, -148.026, 229.397, 91.6429, 6.57907E-005, -136.338, 0.824662, 133.979, 0.836604, 13.7794, 0.749357, -106.552, 0.035885, -53.8039
9, 2340.00000, 231.779, -27.7787, 228.408, -147.981, 229.517, 91.6814, 6.56976E-005, -136.347, 0.824062, 134.026, 0.836224, 13.8242, 0.748965, -106.514, 0.0358076, -53.8262
9, 2400.00000, 231.796, -27.774, 228.418, -147.976, 229.529, 91.6852, 6.56872E-005, -136.349, 0.823994, 134.031, 0.836181, 13.8288, 0.748921, -106.51, 0.0357989, -53.8303
9, 2460.00000, 232, -27.7982, 228.412, -147.945, 229.316, 91.6756, 0.000202534, -34.2814, 0.987928, 134.007, 0.668967, 13.8605, 0.916207, -106.519, 0.178056, 43.0898
9, 2520.00000, 232.076, -27.7765, 228.46, -147.924, 229.371, 91.6931, 0.000202473, -34.2505, 0.987607, 134.029, 0.668826, 13.8808, 0.915984, -106.502, 0.178005, 43.1207
9, 2580.00000, 232.144, -27.7576, 228.501, -147.906, 229.418, 91.7084, 0.000202416, -34.2224, 0.987321, 134.048, 0.668706, 13.8987, 0.915794, -106.486, 0.177958, 43.1487
9, 2640.00000, 232.132, -27.7607, 228.494, -147.909, 229.41, 91.7058, 0.000202426, -34.2274, 0.987375, 134.044, 0.66873, 13.8958, 0.91583, -106.489, 0.177967, 43.1438
9, 2700.00000, 232.093, -27.7717, 228.47, -147.92, 229.383, 91.697, 0.000202463, -34.2443, 0.987555, 134.033, 0.668808, 13.8854, 0.915949, -106.498, 0.177997, 43.1268
9, 2760.00000, 232.182, -27.749, 228.511, -147.91, 229.504, 91.7138, 0.000115186, 166.367, 0.658105, 134.056, 0.835846, 13.8955, 0.665785, -106.481, 0.0818339, -130.31
9, 2820.00000, 232.261, -27.7267, 228.559, -147.889, 229.56, 91.7318, 0.000115167, 166.373, 0.657881, 134.078, 0.835669, 13.9166, 0.665621, -106.463, 0.0818247, -130.305
9, 2880.00000, 232.219, -27.7383, 228.534, -147.9, 229.531, 91.7224, 0.000115177, 166.372, 0.658017, 134.067, 0.835778, 13.9055, 0.665718, -106.473, 0.0818292, -130.306
9, 2940.00000, 232.265, -27.7256, 228.562, -147.887, 229.563, 91.7327, 0.000115166, 166.374, 0.65787, 134.08, 0.835661, 13.9176, 0.665613, -106.462, 0.0818243, -130.305
9, 3000.00000, 232.323, -27.709, 228.597, -147.872, 229.604, 91.7459, 0.00011515, 166.378, 0.657705, 134.096, 0.83553, 13.9332, 0.665494, -106.449, 0.0818163, -130.303
9, 3060.00000, 232.004, -27.6982, 228.49, -147.908, 229.684, 91.7604, 4.67638E-005, 37.4692, 0.82326, 134.107, 0.835922, 13.8972, 0.914737, -106.434, 0.0594291, 106.405
9, 3120.00000, 232.039, -27.6882, 228.512, -147.899, 229.709, 91.7683, 4.67695E-005, 37.4922, 0.823122, 134.117, 0.835831, 13.9065, 0.914623, -106.426, 0.059431, 106.424
9, 3180.00000, 232.014, -27.695, 228.497, -147.905, 229.692, 91.7628, 4.67639E-005, 37.4703, 0.823236, 134.11, 0.835907, 13.9, 0.914713, -106.432, 0.0594288, 106.407
9, 3240.00000, 232.107, -27.6688, 228.553, -147.88, 229.757, 91.7837, 4.67858E-005, 37.5305, 0.822896, 134.136, 0.83569, 13.9246, 0.914447, -106.411, 0.0594403, 106.457
9, 3300.00000, 232.197, -27.6427, 228.608, -147.856, 229.82, 91.8039, 4.68106E-005, 37.5835, 0.822576, 134.162, 0.83549, 13.9486, 0.914197, -106.391, 0.0594548, 106.502
9, 3360.00000, 232.449, -27.6336, 228.754, -147.82, 229.845, 91.8103, 0.000182331, 71.8363, 0.739516, 134.171, 0.918454, 13.9856, 1.08029, -106.385, 0.169307, 139.131
9, 3420.00000, 232.483, -27.6235, 228.775, -147.81, 229.869, 91.818, 0.000182325, 71.8435, 0.739408, 134.182, 0.918368, 13.9948, 1.08018, -106.377, 0.169301, 139.139
9, 3480.00000, 232.534, -27.6086, 228.806, -147.797, 229.904, 91.8294, 0.000182317, 71.8552, 0.739246, 134.196, 0.918244, 14.0084, 1.08002, -106.365, 0.169292, 139.151
9, 3540.00000, 232.519, -27.6129, 228.797, -147.801, 229.894, 91.826, 0.000182318, 71.8514, 0.739301, 134.192, 0.918287, 14.0045, 1.08007, -106.369, 0.169294, 139.147
10, 0.00000, 232.596, -27.5902, 228.844, -147.78, 229.948, 91.8436, 0.000182307, 71.8697, 0.739047, 134.215, 0.918091, 14.0253, 1.07981, -106.351, 0.169282, 139.167
10, 60.00000, 232.411, -27.6986, 228.85, -147.882, 229.835, 91.7597, 0.000177305, -138.099, 0.821822, 134.107, 0.834611, 13.923, 0.581722, -106.435, 0.128614, -62.9694
10, 120.00000, 232.4, -27.7019, 228.843, -147.885, 229.826, 91.7571, 0.000177315, -138.101, 0.821866, 134.103, 0.834639, 13.9199, 0.581746, -106.438, 0.128621, -62.9705
10, 180.00000, 232.419, -27.6964, 228.855, -147.88, 229.84, 91.7615, 0.000177294, -138.099, 0.821781, 134.109, 0.834583, 13.9252, 0.581703, -106.433, 0.128605, -62.9692
10, 240.00000, 232.44, -27.6904, 228.868, -147.874, 229.855, 91.7664, 0.000177275, -138.096, 0.821705, 134.115, 0.834535, 13.9309, 0.581664, -106.428, 0.12859, -62.9669
10, 300.00000, 232.519, -27.6681, 228.916, -147.853, 229.911, 91.7843, 0.000177205, -138.086, 0.821438, 134.137, 0.834367, 13.9518, 0.58153, -106.411, 0.128534, -62.9574
10, 360.00000, 232.889, -27.6526, 228.978, -147.799, 229.802, 91.7765, 0.000195003, -50.0497, 0.984164, 134.153, 0.667314, 14.0065, 0.831149, -106.418, 0.167618, 28.162
10, 420.00000, 232.915, -27.645, 228.994, -147.792, 229.82, 91.7824, 0.000194974, -50.0382, 0.984039, 134.16, 0.667259, 14.0135, 0.831074, -106.412, 0.167594, 28.1737
10, 480.00000, 232.469, -27.7714, 228.72, -147.911, 229.503, 91.6805, 0.00019542, -50.2172, 0.98594, 134.034, 0.668068, 13.8946, 0.832228, -106.514, 0.167957, 27.9907
10, 540.00000, 232.685, -27.7108, 228.853, -147.853, 229.657, 91.7299, 0.000195203, -50.1322, 0.985026, 134.094, 0.667677, 13.9519, 0.831674, -106.465, 0.16778, 28.0778
10, 600.00000, 232.917, -27.6445, 228.995, -147.791, 229.821, 91.7828, 0.000194974, -50.0365, 0.98404, 134.161, 0.667261, 14.014, 0.831083, -106.412, 0.167595, 28.1754
10, 660.00000, 232.788, -27.6409, 229.132, -147.797, 229.915, 91.8008, 0.000200383, -6.10153, 0.820488, 134.164, 0.58351, 14.0084, 0.913814, -106.394, 0.179964, 69.1134
10, 720.00000, 232.787, -27.6412, 229.131, -147.797, 229.914, 91.8006, 0.000200386, -6.1017, 0.820493, 134.164, 0.583509, 14.0082, 0.913819, -106.394, 0.179966, 69.1132
10, 780.00000, 232.767, -27.647, 229.118, -147.802, 229.9, 91.7961, 0.000200397, -6.11008, 0.820573, 134.158, 0.583546, 14.0028, 0.913883, -106.399, 0.179976, 69.105
10, 840.00000, 232.77, -27.6462, 229.12, -147.801, 229.902, 91.7967, 0.000200392, -6.10853, 0.820552, 134.159, 0.583535, 14.0036, 0.913865, -106.398, 0.179972, 69.1065
10, 900.00000, 232.768, -27.6467, 229.119, -147.802, 229.901, 91.7964, 0.000200394, -6.10923, 0.82056, 134.158, 0.583539, 14.0032, 0.913872, -106.398, 0.179973, 69.1058
10, 960.00000, 232.707, -27.6453, 229.009, -147.819, 229.969, 91.7997, 0.000190149, 134.904, 0.574543, 134.16, 0.91743, 13.9862, 0.747493, -106.395, 0.153638, -160.418
10, 1020.00000, 232.835, -27.608, 229.088, -147.785, 230.059, 91.8287, 0.000190096, 134.926, 0.574224, 134.197, 0.917114, 14.0203, 0.747203, -106.366, 0.1536, -160.395
10, 1080.00000, 232.863, -27.5997, 229.105, -147.777, 230.079, 91.835, 0.000190084, 134.933, 0.574156, 134.205, 0.917048, 14.028, 0.747137, -106.36, 0.153591, -160.389
10, 1140.00000, 232.873, -27.597, 229.11, -147.775, 230.085, 91.8371, 0.000190079, 134.935, 0.57413, 134.208, 0.917022, 14.0305, 0.747112, -106.358, 0.153588, -160.387
10, 1200.00000, 232.873, -27.5969, 229.11, -147.775, 230.085, 91.8372, 0.000190079, 134.935, 0.574133, 134.208, 0.917025, 14.0306, 0.747114, -106.358, 0.153587, -160.387
10, 1260.00000, 232.764, -27.556, 228.77, -147.789, 230.207, 91.8347, 6.52481E-005, -136.83, 0.820573, 134.249, 0.8349, 14.0165, 0.74672, -106.36, 0.0353874, -54.6841
10, 1320.00000, 232.758, -27.5577, 228.767, -147.79, 230.203, 91.8334, 6.52529E-005, -136.829, 0.820598, 134.247, 0.834914, 14.0149, 0.746733, -106.361, 0.0353914, -54.6822
10, 1380.00000, 232.731, -27.5654, 228.75, -147.797, 230.185, 91.8274, 6.52708E-005, -136.83, 0.82069, 134.24, 0.834972, 14.0077, 0.74679, -106.367, 0.035406, -54.6823
10, 1440.00000, 232.737, -27.5638, 228.754, -147.796, 230.189, 91.8287, 6.52665E-005, -136.83, 0.820667, 134.241, 0.834957, 14.0092, 0.746776, -106.366, 0.0354024, -54.6834
10, 1500.00000, 232.735, -27.5644, 228.753, -147.796, 230.187, 91.8283, 6.52676E-005, -136.83, 0.820677, 134.241, 0.834964, 14.0087, 0.746783, -106.367, 0.0354033, -54.6825
10, 1560.00000, 233.035, -27.5778, 228.853, -147.758, 229.972, 91.8086, 0.000145749, -1.30723, 0.737659, 134.227, 0.584217, 14.0469, 0.830534, -106.386, 0.134735, 74.3412
10, 1620.00000, 233.055, -27.572, 228.864, -147.753, 229.986, 91.813, 0.000145746, -1.29816, 0.737595, 134.233, 0.584188, 14.0522, 0.830487, -106.382, 0.134732, 74.3499
10, 1680.00000, 233.092, -27.561, 228.887, -147.743, 230.011, 91.8213, 0.000145738, -1.28223, 0.737477, 134.244, 0.58413, 14.0622, 0.830395, -106.374, 0.134725, 74.3651
10, 1740.00000, 233.085, -27.563, 228.883, -147.745, 230.007, 91.8197, 0.000145741, -1.28578, 0.737503, 134.242, 0.584144, 14.0603, 0.830414, -106.375, 0.134727, 74.3618
10, 1800.00000, 233.143, -27.5459, 228.918, -147.729, 230.047, 91.8327, 0.000145729, -1.26049, 0.737315, 134.259, 0.584051, 14.0758, 0.830268, -106.362, 0.134716, 74.3859
10, 1860.00000, 232.889, -27.5975, 229.439, -147.717, 229.869, 91.8855, 0.000294706, -0.442538, 0.984162, 134.208, 0.665973, 14.0881, 1.16327, -106.309, 0.261348, 73.9515
10, 1920.00000, 232.871, -27.6029, 229.427, -147.722, 229.856, 91.8815, 0.000294719, -0.448966, 0.984246, 134.202, 0.666011, 14.0832, 1.16334, -106.313, 0.26136, 73.9452
10, 1980.00000, 232.863, -27.6052, 229.423, -147.724, 229.851, 91.8798, 0.00029472, -0.451665, 0.984274, 134.2, 0.666021, 14.0811, 1.16337, -106.315, 0.261361, 73.9425
10, 2040.00000, 232.867, -27.6042, 229.425, -147.723, 229.853, 91.8806, 0.000294716, -0.450214, 0.984254, 134.201, 0.666011, 14.0821, 1.16335, -106.314, 0.261357, 73.944
10, 2100.00000, 232.867, -27.604, 229.425, -147.723, 229.854, 91.8807, 0.000294716, -0.449979, 0.984252, 134.201, 0.666011, 14.0822, 1.16335, -106.314, 0.261358, 73.9442
10, 2160.00000, 232.846, -27.5252, 229.147, -147.754, 230.384, 91.8846, 0.00031146, -27.8466, 0.902314, 134.28, 0.416762, 14.0515, 0.829053, -106.31, 0.266754, 46.6524
10, 2220.00000, 232.868, -27.5186, 229.16, -147.748, 230.4, 91.8895, 0.000311442, -27.8385, 0.902229, 134.287, 0.416738, 14.0575, 0.828995, -106.305, 0.266738, 46.6606
10, 2280.00000, 232.914, -27.5047, 229.188, -147.735, 230.431, 91.8998, 0.000311402, -27.8204, 0.902048, 134.3, 0.416686, 14.0701, 0.828881, -106.295, 0.266705, 46.6786
10, 2340.00000, 232.945, -27.4954, 229.207, -147.727, 230.452, 91.9066, 0.000311377, -27.8086, 0.901931, 134.31, 0.416653, 14.0783, 0.828806, -106.288, 0.266684, 46.6903
10, 2400.00000, 232.985, -27.4832, 229.231, -147.716, 230.48, 91.9155, 0.000311344, -27.7927, 0.901774, 134.322, 0.416609, 14.0893, 0.828707, -106.279, 0.266656, 46.706
10, 2460.00000, 233.193, -27.491, 229.208, -147.67, 230.212, 91.9076, 0.00011063, -22.0755, 0.90097, 134.314, 0.749974, 14.1348, 0.912637, -106.287, 0.10559, 58.2419
10, 2520.00000, 233.252, -27.4733, 229.243, -147.655, 230.251, 91.9208, 0.000110618, -22.0393, 0.900742, 134.332, 0.749855, 14.1506, 0.912483, -106.274, 0.105582, 58.2752
10, 2580.00000, 233.256, -27.4721, 229.246, -147.653, 230.254, 91.9215, 0.000110617, -22.0382, 0.900728, 134.333, 0.749849, 14.1516, 0.912469, -106.273, 0.105581, 58.2762
10, 2640.00000, 233.291, -27.4614, 229.267, -147.644, 230.278, 91.9295, 0.000110611, -22.0173, 0.900592, 134.344, 0.749779, 14.1613, 0.912376, -106.265, 0.105577, 58.2954
10, 2700.00000, 233.281, -27.4643, 229.261, -147.646, 230.271, 91.9272, 0.000110615, -22.0234, 0.900636, 134.341, 0.749804, 14.1586, 0.912406, -106.268, 0.10558, 58.2898
10, 2760.00000, 233.374, -27.4508, 229.084, -147.658, 230.287, 91.9039, 0.000172078, 166.042, 0.900272, 134.354, 1.16725, 14.1467, 0.912347, -106.291, 0.123754, -130.004
10, 2820.00000, 233.36, -27.4547, 229.076, -147.662, 230.278, 91.9007, 0.000172089, 166.044, 0.900331, 134.351, 1.16731, 14.1433, 0.912382, -106.294, 0.12376, -130.001
10, 2880.00000, 233.404, -27.4413, 229.103, -147.65, 230.308, 91.9107, 0.000172063, 166.047, 0.900154, 134.364, 1.16716, 14.1552, 0.912257, -106.284, 0.123744, -130
10, 2940.00000, 233.477, -27.419, 229.147, -147.63, 230.359, 91.9271, 0.000172016, 166.052, 0.89987, 134.386, 1.16693, 14.1751, 0.912059, -106.268, 0.123715, -129.998
10, 3000.00000, 233.529, -27.4033, 229.178, -147.616, 230.394, 91.9386, 0.000171982, 166.056, 0.899674, 134.402, 1.16678, 14.1891, 0.911918, -106.256, 0.123693, -129.995
10, 3060.00000, 233.382, -27.4002, 229.267, -147.636, 230.582, 91.9605, 0.000147197, 146.993, 0.65472, 134.405, 0.916403, 14.1692, 0.745503, -106.234, 0.113573, -150.185
10, 3120.00000, 233.392, -27.3972, 229.273, -147.633, 230.589, 91.9629, 0.000147192, 146.994, 0.654688, 134.408, 0.916371, 14.1718, 0.745479, -106.232, 0.113571, -150.185
10, 3180.00000, 233.464, -27.3753, 229.317, -147.613, 230.638, 91.9793, 0.000147162, 147.001, 0.654488, 134.43, 0.916196, 14.1916, 0.745325, -106.216, 0.113552, -150.178
10, 3240.00000, 233.48, -27.3706, 229.326, -147.609, 230.649, 91.9828, 0.000147158, 147.004, 0.654441, 134.435, 0.916158, 14.1959, 0.745284, -106.212, 0.113549, -150.175
10, 3300.00000, 233.443, -27.3814, 229.304, -147.619, 230.624, 91.9745, 0.000147171, 147, 0.654549, 134.424, 0.916253, 14.1861, 0.745368, -106.22, 0.113557, -150.179
10, 3360.00000, 233.478, -27.403, 229.623, -147.583, 230.485, 92.0044, 0.000205442, -93.2989, 0.899872, 134.402, 0.665438, 14.2221, 0.58008, -106.19, 0.164221, -15.6213
10, 3420.00000, 233.454, -27.4101, 229.609, -147.59, 230.468, 91.9989, 0.000205472, -93.3053, 0.899973, 134.395, 0.665486, 14.2156, 0.580129, -106.196, 0.164247, -15.6281
10, 3480.00000, 233.431, -27.4175, 229.595, -147.596, 230.452, 91.9934, 0.000205499, -93.3139, 0.900053, 134.388, 0.665522, 14.2089, 0.580163, -106.201, 0.164268, -15.6372
10, 3540.00000, 233.464, -27.4075, 229.615, -147.587, 230.475, 92.001, 0.000205458, -93.3035, 0.899926, 134.398, 0.665462, 14.218, 0.580107, -106.194, 0.164235, -15.6262
11, 0.00000, 233.469, -27.4057, 229.618, -147.585, 230.479, 92.0024, 0.000205451, -93.3019, 0.899901, 134.399, 0.665452, 14.2197, 0.580094, -106.192, 0.164229, -15.6245
11, 60.00000, 233.428, -27.2996, 229.562, -147.538, 230.782, 92.0724, 0.000148319, -39.3169, 0.818237, 134.506, 0.582412, 14.2673, 0.744859, -106.122, 0.130546, 39.169
11, 120.00000, 233.42, -27.3019, 229.558, -147.54, 230.777, 92.0706, 0.000148325, -39.321, 0.818269, 134.503, 0.582426, 14.2651, 0.744877, -106.124, 0.130551, 39.1648
11, 180.00000, 233.444, -27.2949, 229.572, -147.533, 230.793, 92.0762, 0.000148307, -39.3108, 0.818176, 134.51, 0.582383, 14.2717, 0.744814, -106.119, 0.130537, 39.1751
11, 240.00000, 233.486, -27.2816, 229.598, -147.521, 230.823, 92.0865, 0.000148286, -39.2902, 0.818037, 134.523, 0.582321, 14.284, 0.744727, -106.108, 0.13052, 39.1955
11, 300.00000, 233.536, -27.2659, 229.628, -147.506, 230.858, 92.0988, 0.000148257, -39.2664, 0.81786, 134.539, 0.582242, 14.2987, 0.744613, -106.096, 0.130497, 39.2191
11, 360.00000, 233.703, -27.275, 229.513, -147.483, 230.662, 92.0828, 0.000155837, -155.698, 0.735548, 134.53, 0.8322, 14.3221, 0.579635, -106.112, 0.109922, -83.533
11, 420.00000, 233.735, -27.2651, 229.533, -147.474, 230.684, 92.0908, 0.000155811, -155.693, 0.735447, 134.54, 0.832122, 14.3315, 0.57958, -106.104, 0.109902, -83.5285
11, 480.00000, 233.75, -27.2606, 229.542, -147.469, 230.694, 92.0943, 0.000155801, -155.692, 0.735396, 134.544, 0.832088, 14.3356, 0.579551, -106.101, 0.109895, -83.5278
11, 540.00000, 233.819, -27.2386, 229.585, -147.449, 230.743, 92.1118, 0.000155751, -155.681, 0.73518, 134.566, 0.831932, 14.3562, 0.57943, -106.083, 0.109857, -83.519
11, 600.00000, 233.819, -27.2386, 229.584, -147.449, 230.743, 92.1117, 0.000155752, -155.681, 0.735184, 134.567, 0.831938, 14.3562, 0.579432, -106.083, 0.109858, -83.5191
11, 660.00000, 233.916, -27.2262, 229.633, -147.44, 230.815, 92.113, 6.42593E-005, -136.482, 0.816533, 134.579, 0.831763, 14.3647, 0.744751, -106.082, 0.034644, -54.2113
11, 720.00000, 233.925, -27.2236, 229.638, -147.438, 230.821, 92.1151, 6.42537E-005, -136.482, 0.816499, 134.581, 0.831742, 14.3671, 0.74473, -106.08, 0.0346395, -54.212
11, 780.00000, 233.929, -27.2221, 229.641, -147.437, 230.824, 92.1162, 6.42508E-005, -136.481, 0.816484, 134.583, 0.831733, 14.3685, 0.744721, -106.079, 0.034637, -54.2117
11, 840.00000, 233.926, -27.223, 229.639, -147.437, 230.822, 92.1155, 6.42528E-005, -136.481, 0.816498, 134.582, 0.831742, 14.3677, 0.74473, -106.079, 0.0346387, -54.2106
11, 900.00000, 233.953, -27.2145, 229.655, -147.43, 230.841, 92.1223, 6.42358E-005, -136.48, 0.816401, 134.591, 0.83168, 14.3755, 0.744667, -106.073, 0.034625, -54.2108
11, 960.00000, 233.787, -27.2116, 229.599, -147.443, 230.79, 92.1325, 0.000103241, 39.9001, 0.816982, 134.593, 0.831885, 14.3618, 0.993113, -106.062, 0.10653, 110.17
11, 1020.00000, 233.819, -27.2017, 229.619, -147.434, 230.812, 92.1406, 0.000103243, 39.9119, 0.816871, 134.603, 0.83181, 14.3711, 0.993015, -106.054, 0.10653, 110.182
11, 1080.00000, 233.892, -27.1786, 229.664, -147.412, 230.863, 92.1589, 0.000103248, 39.94, 0.816615, 134.626, 0.831646, 14.3926, 0.992793, -106.036, 0.10653, 110.209
11, 1140.00000, 233.94, -27.1634, 229.693, -147.398, 230.897, 92.1711, 0.000103251, 39.9591, 0.816449, 134.642, 0.831542, 14.4069, 0.992648, -106.024, 0.10653, 110.227
11, 1200.00000, 233.903, -27.1747, 229.671, -147.409, 230.872, 92.162, 0.000103248, 39.9453, 0.816578, 134.631, 0.831627, 14.3963, 0.99276, -106.033, 0.10653, 110.214
11, 1260.00000, 233.935, -27.1792, 229.675, -147.395, 230.819, 92.1612, 0.000171635, -80.0058, 1.06141, 134.626, 0.831611, 14.4096, 0.827486, -106.034, 0.138943, 0.810974
11, 1320.00000, 233.908, -27.1878, 229.658, -147.404, 230.8, 92.1542, 0.000171665, -80.0156, 1.06153, 134.617, 0.831674, 14.4016, 0.827557, -106.041, 0.138966, 0.800233
11, 1380.00000, 233.914, -27.186, 229.661, -147.402, 230.804, 92.1557, 0.000171657, -80.0139, 1.0615, 134.619, 0.831658, 14.4032, 0.827539, -106.039, 0.13896, 0.802216
11, 1440.00000, 233.924, -27.183, 229.667, -147.399, 230.811, 92.1581, 0.000171645, -80.0104, 1.06145, 134.622, 0.831635, 14.406, 0.827514, -106.037, 0.138951, 0.806018
11, 1500.00000, 233.902, -27.1895, 229.654, -147.405, 230.796, 92.1528, 0.000171675, -80.0172, 1.06157, 134.616, 0.831693, 14.4, 0.827577, -106.042, 0.138975, 0.798371
11, 1560.00000, 234.164, -27.1544, 229.54, -147.395, 230.948, 92.138, 8.82233E-005, 72.8151, 0.652535, 134.651, 0.748887, 14.4099, 0.827027, -106.057, 0.0876957, 136.922
11, 1620.00000, 234.157, -27.1564, 229.536, -147.397, 230.944, 92.1364, 8.82217E-005, 72.8141, 0.652556, 134.649, 0.748904, 14.408, 0.827043, -106.058, 0.0876945, 136.921
11, 1680.00000, 234.145, -27.16, 229.529, -147.401, 230.936, 92.1335, 8.82204E-005, 72.811, 0.652591, 134.645, 0.748929, 14.4046, 0.827074, -106.061, 0.0876939, 136.917
11, 1740.00000, 234.135, -27.1632, 229.523, -147.404, 230.929, 92.1309, 8.82199E-005, 72.8082, 0.652618, 134.642, 0.748948, 14.4016, 0.827099, -106.064, 0.0876937, 136.914
11, 1800.00000, 234.114, -27.1699, 229.51, -147.41, 230.913, 92.1255, 8.82182E-005, 72.8023, 0.652682, 134.635, 0.748994, 14.3954, 0.827156, -106.069, 0.0876931, 136.907
11, 1860.00000, 233.981, -27.2138, 229.802, -147.39, 230.664, 92.1512, 0.000298081, 93.9186, 0.571413, 134.591, 0.997381, 14.4153, 1.07646, -106.044, 0.260186, 161.646
11, 1920.00000, 233.985, -27.2128, 229.804, -147.389, 230.666, 92.152, 0.000298078, 93.9193, 0.571402, 134.592, 0.997369, 14.4164, 1.07645, -106.043, 0.260184, 161.647
11, 1980.00000, 234, -27.2082, 229.813, -147.385, 230.676, 92.1556, 0.000298067, 93.9229, 0.571362, 134.597, 0.997327, 14.4206, 1.0764, -106.039, 0.260175, 161.65
11, 2040.00000, 233.987, -27.2121, 229.805, -147.388, 230.667, 92.1525, 0.000298077, 93.92, 0.571404, 134.593, 0.997371, 14.4171, 1.07645, -106.042, 0.260183, 161.647
11, 2100.00000, 233.955, -27.2221, 229.786, -147.398, 230.645, 92.1445, 0.000298102, 93.9117, 0.571477, 134.583, 0.997452, 14.4077, 1.07655, -106.05, 0.260204, 161.639
11, 2160.00000, 233.824, -27.2165, 229.769, -147.428, 230.814, 92.1484, 0.000120125, -137.362, 0.816855, 134.589, 0.831269, 14.3772, 0.662004, -106.047, 0.0809006, -60.7206
11, 2220.00000, 233.844, -27.2102, 229.782, -147.422, 230.829, 92.1535, 0.000120108, -137.361, 0.816774, 134.595, 0.831218, 14.383, 0.661956, -106.042, 0.0808876, -60.7203
11, 2280.00000, 233.843, -27.2104, 229.781, -147.422, 230.828, 92.1533, 0.00012011, -137.36, 0.816788, 134.595, 0.831227, 14.3829, 0.661965, -106.042, 0.080889, -60.7184
11, 2340.00000, 233.898, -27.1931, 229.815, -147.406, 230.867, 92.1671, 0.000120068, -137.352, 0.816594, 134.612, 0.831101, 14.3991, 0.661852, -106.028, 0.0808559, -60.7116
11, 2400.00000, 233.984, -27.1659, 229.867, -147.381, 230.927, 92.1887, 0.000120002, -137.34, 0.816293, 134.639, 0.830909, 14.4244, 0.661677, -106.006, 0.0808039, -60.7011
11, 2460.00000, 234.267, -27.124, 229.76, -147.324, 230.869, 92.195, 8.74632E-005, 72.8166, 0.733778, 134.681, 0.8313, 14.4816, 0.910039, -106, 0.0887795, 136.059
11, 2520.00000, 234.278, -27.1204, 229.767, -147.32, 230.877, 92.1979, 8.7465E-005, 72.8202, 0.733739, 134.685, 0.831274, 14.4848, 0.910005, -105.997, 0.0887805, 136.063
11, 2580.00000, 234.252, -27.1287, 229.751, -147.328, 230.859, 92.1912, 8.74617E-005, 72.8132, 0.733827, 134.676, 0.831338, 14.4771, 0.910082, -106.004, 0.0887788, 136.055
11, 2640.00000, 234.261, -27.1259, 229.756, -147.325, 230.865, 92.1935, 8.74629E-005, 72.8156, 0.733794, 134.679, 0.831313, 14.4797, 0.910053, -106.001, 0.0887794, 136.057
11, 2700.00000, 234.233, -27.1347, 229.739, -147.334, 230.845, 92.1864, 8.74599E-005, 72.808, 0.733886, 134.67, 0.83138, 14.4715, 0.910135, -106.008, 0.0887781, 136.049
11, 2760.00000, 234.134, -27.1131, 229.658, -147.379, 231.156, 92.1814, 0.000104087, 105.531, 0.652616, 134.692, 0.831671, 14.426, 0.826283, -106.014, 0.0934769, 165.885
11, 2820.00000, 234.066, -27.1345, 229.617, -147.399, 231.109, 92.1642, 0.00010409, 105.519, 0.652808, 134.671, 0.831826, 14.406, 0.826453, -106.031, 0.0934776, 165.871
11, 2880.00000, 234.115, -27.1192, 229.647, -147.385, 231.143, 92.1765, 0.000104087, 105.527, 0.652668, 134.686, 0.831709, 14.4203, 0.826326, -106.018, 0.093476, 165.881
11, 2940.00000, 234.142, -27.1107, 229.663, -147.377, 231.162, 92.1834, 0.000104086, 105.533, 0.652594, 134.694, 0.831652, 14.4283, 0.826259, -106.012, 0.0934757, 165.887
11, 3000.00000, 234.142, -27.1106, 229.663, -147.377, 231.162, 92.1833, 0.000104086, 105.533, 0.652596, 134.694, 0.831654, 14.4283, 0.82626, -106.012, 0.0934758, 165.888
11, 3060.00000, 233.934, -27.1528, 229.841, -147.384, 230.971, 92.2039, 0.000264317, -127.496, 0.979765, 134.652, 0.914111, 14.4207, 0.578859, -105.991, 0.200991, -52.0403
11, 3120.00000, 234.018, -27.1262, 229.893, -147.359, 231.03, 92.2254, 0.000264202, -127.478, 0.979409, 134.679, 0.9139, 14.4457, 0.57871, -105.97, 0.200898, -52.0231
11, 3180.00000, 233.962, -27.1436, 229.858, -147.376, 230.991, 92.2112, 0.000264278, -127.49, 0.979647, 134.662, 0.914046, 14.4294, 0.578812, -105.984, 0.200959, -52.0341
11, 3240.00000, 234.056, -27.1141, 229.916, -147.348, 231.057, 92.2352, 0.000264151, -127.471, 0.97925, 134.691, 0.913808, 14.457, 0.578642, -105.96, 0.200857, -52.0153
11, 3300.00000, 234.067, -27.1102, 229.923, -147.344, 231.066, 92.2383, 0.000264134, -127.468, 0.979198, 134.695, 0.913781, 14.4607, 0.578621, -105.957, 0.200843, -52.013
11, 3360.00000, 234.162, -27.1131, 229.857, -147.331, 230.958, 92.2045, 6.39876E-005, -136.2, 0.815674, 134.692, 0.830949, 14.4743, 0.744293, -105.99, 0.0343991, -53.8263
11, 3420.00000, 234.153, -27.1156, 229.852, -147.333, 230.953, 92.2024, 6.3994E-005, -136.2, 0.815707, 134.69, 0.830972, 14.4717, 0.744311, -105.992, 0.0344042, -53.8268
11, 3480.00000, 234.176, -27.1087, 229.866, -147.327, 230.969, 92.208, 6.398E-005, -136.202, 0.815616, 134.696, 0.830913, 14.478, 0.744251, -105.987, 0.0343927, -53.8313
11, 3540.00000, 234.241, -27.0879, 229.906, -147.307, 231.014, 92.2247, 6.39434E-005, -136.195, 0.815398, 134.717, 0.830771, 14.4977, 0.744107, -105.97, 0.0343635, -53.8254
12, 0.00000, 234.248, -27.0855, 229.91, -147.305, 231.02, 92.2266, 6.39389E-005, -136.196, 0.815371, 134.72, 0.830757, 14.4999, 0.74409, -105.968, 0.0343597, -53.8267
12, 60.00000, 234.165, -27.0964, 229.695, -147.336, 230.954, 92.1988, 5.44929E-005, -26.2695, 0.897232, 134.709, 0.831539, 14.4694, 0.909704, -105.996, 0.0600324, 62.3431
12, 120.00000, 234.19, -27.0884, 229.711, -147.328, 230.971, 92.2053, 5.44877E-005, -26.2483, 0.897133, 134.717, 0.831479, 14.477, 0.909635, -105.99, 0.06003, 62.3609
12, 180.00000, 234.198, -27.0859, 229.715, -147.326, 230.977, 92.2072, 5.4485E-005, -26.2413, 0.8971, 134.719, 0.831461, 14.4793, 0.909612, -105.988, 0.0600285, 62.367
12, 240.00000, 234.221, -27.0788, 229.73, -147.319, 230.993, 92.2131, 5.44777E-005, -26.2221, 0.897005, 134.726, 0.831406, 14.4859, 0.909543, -105.982, 0.0600242, 62.3837
12, 300.00000, 234.179, -27.0917, 229.704, -147.331, 230.964, 92.2025, 5.44902E-005, -26.2566, 0.897178, 134.714, 0.831508, 14.4739, 0.909668, -105.992, 0.0600314, 62.3538
12, 360.00000, 234.356, -27.1175, 229.82, -147.298, 230.861, 92.2059, 0.000245018, 92.0014, 0.489001, 134.688, 0.831083, 14.5067, 0.910072, -105.989, 0.21468, 159.791
12, 420.00000, 234.347, -27.1202, 229.814, -147.301, 230.855, 92.2037, 0.000245025, 91.9994, 0.489021, 134.685, 0.831108, 14.5042, 0.910101, -105.991, 0.214685, 159.789
12, 480.00000, 234.351, -27.119, 229.817, -147.3, 230.858, 92.2047, 0.000245022, 92.0003, 0.489008, 134.686, 0.831095, 14.5053, 0.910084, -105.99, 0.214684, 159.79
12, 540.00000, 234.388, -27.1073, 229.84, -147.289, 230.884, 92.2141, 0.000244998, 92.01, 0.488932, 134.698, 0.831012, 14.5163, 0.909981, -105.981, 0.214663, 159.8
12, 600.00000, 234.397, -27.1044, 229.845, -147.286, 230.89, 92.2164, 0.000244993, 92.0125, 0.488911, 134.701, 0.830992, 14.519, 0.909955, -105.979, 0.214658, 159.802
12, 660.00000, 234.14, -27.0739, 229.775, -147.344, 231.261, 92.2215, 0.000207641, 178.632, 0.734173, 134.731, 0.997499, 14.4614, 0.660726, -105.973, 0.152611, -113.065
12, 720.00000, 234.152, -27.0703, 229.783, -147.34, 231.269, 92.2246, 0.000207634, 178.634, 0.734132, 134.735, 0.997462, 14.4647, 0.660698, -105.97, 0.152606, -113.063
12, 780.00000, 234.17, -27.0647, 229.794, -147.335, 231.282, 92.2291, 0.000207622, 178.637, 0.734074, 134.74, 0.997412, 14.4699, 0.660661, -105.966, 0.152598, -113.061
12, 840.00000, 234.098, -27.0874, 229.749, -147.357, 231.231, 92.2107, 0.00020767, 178.625, 0.734311, 134.718, 0.997617, 14.4487, 0.660814, -105.984, 0.152631, -113.071
12, 900.00000, 234.123, -27.0795, 229.765, -147.349, 231.249, 92.2172, 0.000207651, 178.629, 0.734228, 134.726, 0.997541, 14.4561, 0.660759, -105.978, 0.152618, -113.067
12, 960.00000, 234.062, -27.1156, 229.86, -147.342, 230.929, 92.2209, 0.00024699, 52.0469, 0.652816, 134.689, 0.747848, 14.4635, 1.07522, -105.974, 0.223648, 122.767
12, 1020.00000, 234.091, -27.1064, 229.878, -147.333, 230.949, 92.2284, 0.000246977, 52.0548, 0.652736, 134.699, 0.747785, 14.4722, 1.07513, -105.966, 0.223635, 122.775
12, 1080.00000, 234.066, -27.1142, 229.863, -147.34, 230.932, 92.2221, 0.000246988, 52.0479, 0.652807, 134.691, 0.747838, 14.4649, 1.07521, -105.973, 0.223647, 122.768
12, 1140.00000, 234.053, -27.1186, 229.854, -147.344, 230.922, 92.2186, 0.000246995, 52.0439, 0.652851, 134.687, 0.747869, 14.4608, 1.07526, -105.976, 0.223653, 122.764
12, 1200.00000, 234.053, -27.1187, 229.854, -147.344, 230.922, 92.2186, 0.000246995, 52.0439, 0.652844, 134.686, 0.747864, 14.4607, 1.07526, -105.976, 0.223652, 122.764
12, 1260.00000, 233.801, -27.1266, 229.896, -147.373, 231.159, 92.2516, 0.00020114, -33.8179, 1.06202, 134.679, 0.747728, 14.4321, 0.991522, -105.943, 0.177972, 44.0804
12, 1320.00000, 233.771, -27.136, 229.878, -147.382, 231.138, 92.2438, 0.000201163, -33.8312, 1.06215, 134.669, 0.747791, 14.4232, 0.991616, -105.951, 0.177991, 44.0671
12, 1380.00000, 233.738, -27.1466, 229.857, -147.392, 231.115, 92.2352, 0.00020119, -33.8467, 1.0623, 134.659, 0.747858, 14.4131, 0.991717, -105.96, 0.178013, 44.0517
12, 1440.00000, 233.733, -27.1481, 229.854, -147.393, 231.111, 92.2341, 0.000201194, -33.8489, 1.06232, 134.657, 0.747866, 14.4118, 0.99173, -105.961, 0.178016, 44.0495
12, 1500.00000, 233.711, -27.1551, 229.84, -147.4, 231.095, 92.2283, 0.000201215, -33.8593, 1.06244, 134.65, 0.747916, 14.4053, 0.991805, -105.966, 0.178033, 44.0392
12, 1560.00000, 233.845, -27.1291, 229.767, -147.382, 230.976, 92.2063, 0.000105224, -109.607, 0.980132, 134.676, 0.914406, 14.4236, 0.826927, -105.989, 0.0733469, -24.7197
12, 1620.00000, 233.814, -27.1389, 229.748, -147.391, 230.955, 92.1985, 0.000105254, -109.614, 0.980267, 134.666, 0.914484, 14.4143, 0.827003, -105.996, 0.0733717, -24.7297
12, 1680.00000, 233.764, -27.1548, 229.717, -147.406, 230.919, 92.1858, 0.000105301, -109.626, 0.980479, 134.65, 0.914606, 14.3995, 0.827131, -106.009, 0.0734092, -24.7455
12, 1740.00000, 233.747, -27.16, 229.707, -147.411, 230.907, 92.1816, 0.000105318, -109.629, 0.980554, 134.645, 0.914649, 14.3947, 0.827176, -106.013, 0.0734227, -24.7498
12, 1800.00000, 233.755, -27.1578, 229.712, -147.408, 230.913, 92.1835, 0.000105308, -109.629, 0.980509, 134.647, 0.914622, 14.3967, 0.827149, -106.011, 0.0734149, -24.7494
12, 1860.00000, 234.152, -27.1259, 229.62, -147.375, 231.032, 92.17, 6.07099E-005, -83.1984, 0.815704, 134.679, 0.748625, 14.4301, 0.744052, -106.025, 0.0475834, 10.7245
12, 1920.00000, 234.194, -27.1126, 229.645, -147.363, 231.062, 92.1807, 6.06853E-005, -83.1797, 0.815563, 134.692, 0.748543, 14.4424, 0.743956, -106.014, 0.0475661, 10.7497
12, 1980.00000, 234.244, -27.0966, 229.676, -147.348, 231.097, 92.1935, 6.06539E-005, -83.1569, 0.815389, 134.708, 0.748442, 14.4574, 0.743841, -106.001, 0.047544, 10.7809
12, 2040.00000, 234.236, -27.0987, 229.672, -147.35, 231.092, 92.1917, 6.06592E-005, -83.1598, 0.815419, 134.706, 0.748462, 14.4554, 0.743861, -106.003, 0.0475479, 10.7767
12, 2100.00000, 234.245, -27.0961, 229.677, -147.347, 231.098, 92.1939, 6.0652E-005, -83.1569, 0.815382, 134.709, 0.74844, 14.4578, 0.743837, -106.001, 0.0475424, 10.7816
12, 2160.00000, 234.122, -27.116, 229.772, -147.339, 230.952, 92.2147, 5.90671E-005, 171.333, 0.815815, 134.689, 0.914386, 14.4657, 0.827011, -105.98, 0.0339151, -138.994
12, 2220.00000, 234.162, -27.1035, 229.796, -147.328, 230.98, 92.2248, 5.90584E-005, 171.327, 0.815675, 134.702, 0.914286, 14.4775, 0.826911, -105.97, 0.0339159, -139.009
12, 2280.00000, 234.13, -27.1133, 229.777, -147.337, 230.958, 92.2168, 5.90652E-005, 171.331, 0.815786, 134.692, 0.914367, 14.4684, 0.826992, -105.978, 0.0339154, -138.998
12, 2340.00000, 234.101, -27.1227, 229.759, -147.346, 230.937, 92.2093, 5.9071E-005, 171.335, 0.815888, 134.683, 0.914439, 14.4596, 0.827066, -105.986, 0.0339146, -138.989
12, 2400.00000, 234.08, -27.1291, 229.746, -147.352, 230.922, 92.204, 5.90741E-005, 171.34, 0.815969, 134.676, 0.914494, 14.4536, 0.827124, -105.991, 0.0339125, -138.981
12, 2460.00000, 234.142, -27.119, 229.609, -147.348, 230.959, 92.1944, 0.000103684, 105.858, 0.734172, 134.686, 0.915035, 14.4572, 0.909684, -106.001, 0.0938859, 165.009
12, 2520.00000, 234.235, -27.0897, 229.666, -147.32, 231.024, 92.2181, 0.000103683, 105.874, 0.733876, 134.715, 0.914802, 14.4849, 0.909425, -105.977, 0.0938863, 165.029
12, 2580.00000, 234.316, -27.0635, 229.716, -147.296, 231.082, 92.2392, 0.000103681, 105.891, 0.733622, 134.741, 0.914603, 14.5095, 0.909198, -105.956, 0.093886, 165.049
12, 2640.00000, 234.285, -27.073, 229.697, -147.305, 231.061, 92.2315, 0.000103683, 105.886, 0.733721, 134.732, 0.914687, 14.5006, 0.909286, -105.963, 0.0938868, 165.043
12, 2700.00000, 234.285, -27.0734, 229.696, -147.305, 231.06, 92.2312, 0.000103682, 105.886, 0.733724, 134.732, 0.914687, 14.5003, 0.909288, -105.964, 0.0938864, 165.043
12, 2760.00000, 234.168, -27.1025, 229.882, -147.316, 231.027, 92.2317, 0.000120736, -137.252, 0.89722, 134.703, 0.913945, 14.4896, 0.74407, -105.963, 0.0795818, -60.1994
12, 2820.00000, 234.127, -27.1155, 229.857, -147.328, 230.998, 92.2211, 0.000120768, -137.258, 0.897379, 134.69, 0.91405, 14.4773, 0.744164, -105.974, 0.079607, -60.2043
12, 2880.00000, 233.973, -27.1647, 229.763, -147.374, 230.889, 92.1817, 0.000120889, -137.279, 0.89797, 134.641, 0.914426, 14.4309, 0.744515, -106.013, 0.0797031, -60.2217
12, 2940.00000, 233.943, -27.1742, 229.744, -147.383, 230.867, 92.1741, 0.000120912, -137.283, 0.898083, 134.631, 0.914497, 14.4221, 0.744584, -106.021, 0.0797209, -60.2249
12, 3000.00000, 233.964, -27.1677, 229.758, -147.377, 230.883, 92.1794, 0.000120894, -137.282, 0.89799, 134.637, 0.914436, 14.4281, 0.744528, -106.016, 0.0797067, -60.2247
12, 3060.00000, 233.765, -27.21, 229.653, -147.429, 230.833, 92.1434, 0.000148204, -39.467, 0.898767, 134.595, 0.665353, 14.3765, 0.827436, -106.051, 0.131385, 39.8448
12, 3120.00000, 233.809, -27.1962, 229.68, -147.416, 230.864, 92.1544, 0.000148177, -39.4456, 0.898597, 134.609, 0.665271, 14.3895, 0.827325, -106.04, 0.131363, 39.866
12, 3180.00000, 233.912, -27.1636, 229.743, -147.385, 230.937, 92.1804, 0.000148111, -39.3952, 0.898198, 134.641, 0.665085, 14.42, 0.827063, -106.015, 0.131311, 39.9162
12, 3240.00000, 234.037, -27.1235, 229.819, -147.348, 231.025, 92.2125, 0.000148031, -39.3339, 0.89772, 134.682, 0.664867, 14.4575, 0.826748, -105.982, 0.131247, 39.9774
12, 3300.00000, 234.141, -27.0905, 229.883, -147.317, 231.099, 92.2392, 0.000147963, -39.2841, 0.89732, 134.714, 0.66468, 14.4885, 0.826482, -105.956, 0.131193, 40.0272
12, 3360.00000, 234.425, -27.0902, 229.587, -147.304, 230.759, 92.1804, 0.00013704, 60.741, 0.896232, 134.715, 0.998316, 14.5012, 1.15878, -106.015, 0.135877, 127.775
12, 3420.00000, 234.416, -27.0931, 229.581, -147.307, 230.753, 92.1781, 0.000137039, 60.7379, 0.896274, 134.712, 0.998342, 14.4986, 1.15882, -106.017, 0.135877, 127.772
12, 3480.00000, 234.392, -27.1008, 229.567, -147.314, 230.736, 92.1719, 0.000137039, 60.7305, 0.896363, 134.704, 0.998404, 14.4914, 1.1589, -106.023, 0.135878, 127.764
12, 3540.00000, 234.422, -27.0914, 229.585, -147.305, 230.757, 92.1796, 0.00013704, 60.7395, 0.896246, 134.714, 0.99832, 14.5002, 1.15879, -106.015, 0.135877, 127.774
13, 0.00000, 234.337, -27.1184, 229.533, -147.33, 230.696, 92.1578, 0.000137038, 60.7136, 0.896577, 134.687, 0.998556, 14.4751, 1.1591, -106.037, 0.135881, 127.747
13, 60.00000, 234.05, -27.1162, 229.682, -147.357, 230.959, 92.1912, 4.75456E-005, 38.3584, 0.816068, 134.689, 0.831584, 14.4479, 0.909685, -106.004, 0.0599942, 107.323
13, 120.00000, 234.052, -27.1152, 229.683, -147.357, 230.961, 92.1919, 4.75461E-005, 38.3618, 0.816056, 134.69, 0.831579, 14.4486, 0.909675, -106.003, 0.0599944, 107.325
13, 180.00000, 234.011, -27.1282, 229.658, -147.369, 230.933, 92.1815, 4.75368E-005, 38.3388, 0.816201, 134.677, 0.831674, 14.4365, 0.909791, -106.013, 0.0599894, 107.305
13, 240.00000, 234.04, -27.1191, 229.676, -147.36, 230.953, 92.1888, 4.75432E-005, 38.3544, 0.816098, 134.686, 0.831605, 14.4449, 0.909708, -106.006, 0.0599928, 107.319
13, 300.00000, 234.061, -27.1125, 229.689, -147.354, 230.968, 92.1941, 4.7548E-005, 38.369, 0.816015, 134.692, 0.831553, 14.4511, 0.909643, -106.001, 0.0599952, 107.331
13, 360.00000, 234.087, -27.1166, 229.906, -147.344, 231.07, 92.2304, 7.06072E-006, -121.473, 0.65275, 134.689, 0.664622, 14.4614, 0.66127, -105.964, 0.0117937, 84.905
13, 420.00000, 234.016, -27.1392, 229.862, -147.365, 231.019, 92.2122, 7.08574E-006, -121.432, 0.65295, 134.666, 0.664751, 14.4403, 0.661419, -105.983, 0.011787, 84.7924
13, 480.00000, 233.992, -27.147, 229.847, -147.372, 231.002, 92.206, 7.09463E-006, -121.416, 0.653015, 134.658, 0.664791, 14.4331, 0.661466, -105.989, 0.0117846, 84.752
13, 540.00000, 234.024, -27.1369, 229.867, -147.363, 231.025, 92.2141, 7.0824E-006, -121.43, 0.652924, 134.668, 0.664731, 14.4425, 0.6614, -105.981, 0.0117885, 84.8037
13, 600.00000, 234.002, -27.1435, 229.853, -147.369, 231.01, 92.2087, 7.09145E-006, -121.409, 0.652993, 134.662, 0.664777, 14.4364, 0.66145, -105.986, 0.0117864, 84.7627
13, 660.00000, 233.796, -27.1695, 229.799, -147.381, 230.883, 92.1945, 0.000155751, -119.562, 0.89865, 134.636, 0.831159, 14.424, 0.661805, -106, 0.113788, -41.1427
13, 720.00000, 233.762, -27.1803, 229.778, -147.391, 230.86, 92.1859, 0.000155784, -119.57, 0.898777, 134.625, 0.831239, 14.414, 0.661875, -106.009, 0.113815, -41.1516
13, 780.00000, 233.775, -27.1765, 229.786, -147.388, 230.868, 92.189, 0.00015577, -119.568, 0.898722, 134.629, 0.831205, 14.4175, 0.661845, -106.006, 0.113804, -41.1497
13, 840.00000, 233.831, -27.1587, 229.82, -147.371, 230.908, 92.2032, 0.000155714, -119.556, 0.898509, 134.646, 0.831081, 14.4342, 0.661734, -105.992, 0.113758, -41.1361
13, 900.00000, 233.809, -27.1655, 229.806, -147.377, 230.892, 92.1976, 0.000155738, -119.559, 0.898609, 134.64, 0.831142, 14.4279, 0.661787, -105.997, 0.113778, -41.1396
13, 960.00000, 234.086, -27.1389, 229.6, -147.366, 230.902, 92.1777, 0.000115565, 167.746, 0.89753, 134.666, 1.08145, 14.4391, 0.90991, -106.017, 0.0780842, -132.099
13, 1020.00000, 234.023, -27.1589, 229.561, -147.385, 230.857, 92.1617, 0.000115585, 167.744, 0.897776, 134.646, 1.08163, 14.4205, 0.910087, -106.033, 0.0780918, -132.098
13, 1080.00000, 234.119, -27.1287, 229.62, -147.356, 230.925, 92.1861, 0.000115551, 167.747, 0.897402, 134.676, 1.08134, 14.4485, 0.909816, -106.009, 0.078078, -132.1
13, 1140.00000, 234.123, -27.1273, 229.622, -147.355, 230.928, 92.1871, 0.000115551, 167.747, 0.897389, 134.678, 1.08134, 14.4498, 0.909807, -106.008, 0.0780784, -132.1
13, 1200.00000, 234.084, -27.1394, 229.599, -147.367, 230.901, 92.1773, 0.000115564, 167.746, 0.89754, 134.666, 1.08146, 14.4386, 0.909916, -106.018, 0.0780836, -132.099
13, 1260.00000, 233.86, -27.1311, 229.58, -147.391, 230.993, 92.1797, 0.000253705, -160.093, 0.898402, 134.674, 1.08154, 14.4139, 0.661492, -106.015, 0.185962, -88.4005
13, 1320.00000, 233.879, -27.1251, 229.591, -147.386, 231.007, 92.1845, 0.000253687, -160.091, 0.898319, 134.68, 1.08148, 14.4193, 0.661447, -106.011, 0.185948, -88.3988
13, 1380.00000, 233.852, -27.1332, 229.575, -147.393, 230.989, 92.1779, 0.000253713, -160.094, 0.89843, 134.672, 1.08157, 14.4119, 0.661505, -106.017, 0.185969, -88.4016
13, 1440.00000, 233.813, -27.1458, 229.551, -147.405, 230.961, 92.1679, 0.000253753, -160.101, 0.898583, 134.659, 1.08168, 14.4002, 0.661585, -106.027, 0.185998, -88.4073
13, 1500.00000, 233.844, -27.1361, 229.57, -147.396, 230.982, 92.1757, 0.000253721, -160.096, 0.89846, 134.669, 1.08159, 14.4092, 0.661521, -106.019, 0.185975, -88.403
13, 1560.00000, 233.946, -27.1738, 229.746, -147.383, 230.888, 92.1815, 0.000226756, 164.937, 0.653141, 134.631, 0.997624, 14.4217, 0.66179, -106.013, 0.172377, -127.863
13, 1620.00000, 233.935, -27.1775, 229.739, -147.387, 230.88, 92.1785, 0.000226762, 164.935, 0.653178, 134.628, 0.997659, 14.4185, 0.661819, -106.016, 0.172381, -127.865
13, 1680.00000, 233.998, -27.1575, 229.778, -147.368, 230.925, 92.1947, 0.000226724, 164.946, 0.652993, 134.648, 0.997482, 14.437, 0.661686, -106, 0.172354, -127.853
13, 1740.00000, 234.002, -27.1562, 229.78, -147.367, 230.928, 92.1957, 0.000226724, 164.947, 0.652983, 134.649, 0.997475, 14.4382, 0.661678, -105.999, 0.172354, -127.853
13, 1800.00000, 233.98, -27.1628, 229.767, -147.373, 230.912, 92.1903, 0.000226737, 164.944, 0.653053, 134.642, 0.997542, 14.4322, 0.661728, -106.004, 0.172363, -127.856
13, 1860.00000, 233.893, -27.1734, 229.611, -147.384, 230.762, 92.1736, 0.000103297, 39.9997, 0.816615, 134.632, 0.831842, 14.4208, 0.993232, -106.021, 0.106563, 110.276
13, 1920.00000, 233.893, -27.1731, 229.611, -147.384, 230.762, 92.1738, 0.000103298, 40.0002, 0.816611, 134.632, 0.831841, 14.421, 0.99323, -106.021, 0.106564, 110.276
13, 1980.00000, 233.887, -27.1751, 229.607, -147.386, 230.758, 92.1722, 0.000103297, 39.9974, 0.816638, 134.63, 0.831858, 14.4191, 0.993252, -106.023, 0.106564, 110.274
13, 2040.00000, 233.857, -27.1845, 229.589, -147.395, 230.737, 92.1646, 0.000103296, 39.9862, 0.816739, 134.621, 0.831924, 14.4103, 0.99334, -106.03, 0.106564, 110.263
13, 2100.00000, 233.816, -27.1976, 229.563, -147.407, 230.708, 92.1541, 0.000103293, 39.9696, 0.816884, 134.608, 0.832016, 14.398, 0.993467, -106.041, 0.106564, 110.246
13, 2160.00000, 233.914, -27.1729, 229.229, -147.428, 230.748, 92.1065, 0.000103385, 106.226, 0.816536, 134.632, 0.999875, 14.3769, 0.993291, -106.088, 0.0943441, 164.141
13, 2220.00000, 233.916, -27.1725, 229.23, -147.428, 230.749, 92.1069, 0.000103383, 106.226, 0.816533, 134.633, 0.999869, 14.3772, 0.993285, -106.088, 0.094343, 164.141
13, 2280.00000, 233.903, -27.1763, 229.222, -147.432, 230.741, 92.1039, 0.000103382, 106.224, 0.816583, 134.629, 0.999907, 14.3738, 0.993328, -106.091, 0.0943417, 164.138
13, 2340.00000, 233.95, -27.1616, 229.252, -147.418, 230.774, 92.1155, 0.000103382, 106.231, 0.816411, 134.643, 0.999772, 14.3874, 0.99318, -106.079, 0.094343, 164.147
13, 2400.00000, 233.996, -27.147, 229.28, -147.404, 230.806, 92.1271, 0.000103382, 106.238, 0.81625, 134.658, 0.999648, 14.4011, 0.993039, -106.068, 0.0943443, 164.157
13, 2460.00000, 234.009, -27.1616, 229.529, -147.391, 230.912, 92.1585, 4.93359E-005, 109.396, 0.734589, 134.644, 0.832139, 14.414, 0.827154, -106.036, 0.0485869, 157.448
13, 2520.00000, 234.026, -27.1561, 229.539, -147.386, 230.925, 92.1629, 4.93411E-005, 109.396, 0.734526, 134.649, 0.832096, 14.419, 0.827105, -106.032, 0.0485918, 157.453
13, 2580.00000, 233.994, -27.166, 229.519, -147.395, 230.902, 92.1549, 4.9335E-005, 109.396, 0.734634, 134.639, 0.832175, 14.4098, 0.827191, -106.04, 0.0485855, 157.446
13, 2640.00000, 233.982, -27.1699, 229.512, -147.399, 230.893, 92.1517, 4.93317E-005, 109.395, 0.734677, 134.635, 0.832205, 14.4062, 0.827225, -106.043, 0.0485824, 157.443
13, 2700.00000, 233.925, -27.1879, 229.477, -147.416, 230.853, 92.1373, 4.93238E-005, 109.394, 0.734851, 134.617, 0.832331, 14.3893, 0.827367, -106.058, 0.0485732, 157.431
13, 2760.00000, 233.719, -27.2223, 229.605, -147.443, 230.768, 92.1304, 8.90713E-006, -120.889, 0.817221, 134.583, 0.831863, 14.3619, 0.827673, -106.064, 0.0146677, 84.6033
13, 2820.00000, 233.772, -27.2056, 229.638, -147.428, 230.806, 92.1437, 8.88385E-006, -120.902, 0.817036, 134.599, 0.831741, 14.3774, 0.827535, -106.051, 0.0146753, 84.6818
13, 2880.00000, 233.77, -27.206, 229.636, -147.428, 230.804, 92.1432, 8.88494E-006, -120.905, 0.817044, 134.599, 0.83175, 14.377, 0.827542, -106.052, 0.0146747, 84.6798
13, 2940.00000, 233.68, -27.2341, 229.581, -147.455, 230.742, 92.121, 8.92662E-006, -120.891, 0.81736, 134.571, 0.831956, 14.3506, 0.827768, -106.074, 0.0146597, 84.5442
13, 3000.00000, 233.687, -27.2322, 229.586, -147.453, 230.746, 92.1226, 8.92318E-006, -120.889, 0.817331, 134.573, 0.831932, 14.3523, 0.827747, -106.072, 0.0146612, 84.5534
13, 3060.00000, 233.566, -27.2619, 229.592, -147.459, 230.628, 92.1145, 0.000181944, 72.0446, 0.735982, 134.543, 0.915103, 14.3462, 1.07663, -106.08, 0.169, 139.336
13, 3120.00000, 233.442, -27.3005, 229.515, -147.495, 230.541, 92.0842, 0.000181977, 72.0143, 0.736372, 134.505, 0.915409, 14.3098, 1.07703, -106.111, 0.169031, 139.304
13, 3180.00000, 233.482, -27.2882, 229.54, -147.484, 230.569, 92.0939, 0.000181968, 72.0234, 0.736244, 134.517, 0.915305, 14.3214, 1.0769, -106.101, 0.169022, 139.314
13, 3240.00000, 233.606, -27.2495, 229.616, -147.447, 230.655, 92.1242, 0.000181936, 72.0542, 0.735854, 134.556, 0.915003, 14.3579, 1.0765, -106.071, 0.168992, 139.346
13, 3300.00000, 233.549, -27.2669, 229.581, -147.464, 230.616, 92.1104, 0.00018195, 72.0411, 0.736033, 134.538, 0.915149, 14.3415, 1.07668, -106.084, 0.169005, 139.332
13, 3360.00000, 233.412, -27.2524, 229.343, -147.513, 230.888, 92.0856, 0.000307007, -156.319, 0.900124, 134.553, 1.08266, 14.2922, 0.579069, -106.109, 0.230336, -83.975
13, 3420.00000, 233.416, -27.2512, 229.345, -147.512, 230.891, 92.0865, 0.000307003, -156.318, 0.900108, 134.554, 1.08265, 14.2931, 0.57906, -106.108, 0.230332, -83.9747
13, 3480.00000, 233.418, -27.2505, 229.347, -147.511, 230.893, 92.0871, 0.000307001, -156.318, 0.900101, 134.555, 1.08264, 14.2937, 0.579056, -106.108, 0.230331, -83.9742
13, 3540.00000, 233.421, -27.2496, 229.348, -147.511, 230.895, 92.0878, 0.000306997, -156.317, 0.90009, 134.556, 1.08263, 14.2946, 0.579051, -106.107, 0.230328, -83.9737
14, 0.00000, 233.388, -27.2598, 229.328, -147.52, 230.872, 92.0798, 0.000307037, -156.323, 0.900218, 134.545, 1.08273, 14.2851, 0.57911, -106.115, 0.230359, -83.9792
14, 60.00000, 233.562, -27.2302, 229.442, -147.431, 230.537, 92.1345, 5.46989E-005, -25.9032, 0.817768, 134.575, 0.74921, 14.3744, 0.828502, -106.06, 0.0587473, 61.3244
14, 120.00000, 233.47, -27.2588, 229.386, -147.457, 230.472, 92.1117, 5.47212E-005, -25.9764, 0.818095, 134.546, 0.749396, 14.3477, 0.828736, -106.083, 0.0587598, 61.2608
14, 180.00000, 233.541, -27.237, 229.43, -147.437, 230.522, 92.1293, 5.47052E-005, -25.9208, 0.817841, 134.568, 0.749246, 14.3681, 0.828553, -106.066, 0.0587509, 61.3088
14, 240.00000, 233.491, -27.2524, 229.399, -147.451, 230.487, 92.1169, 5.47165E-005, -25.9599, 0.81802, 134.553, 0.749352, 14.3537, 0.828683, -106.078, 0.0587572, 61.275
14, 300.00000, 233.51, -27.2468, 229.411, -147.446, 230.5, 92.1215, 5.47106E-005, -25.9449, 0.817945, 134.558, 0.749306, 14.359, 0.828628, -106.074, 0.0587535, 61.2881
14, 360.00000, 233.406, -27.2074, 229.219, -147.464, 230.641, 92.1208, 9.90653E-005, -52.718, 0.981978, 134.598, 0.833264, 14.3413, 0.91094, -106.074, 0.0888168, 33.1198
14, 420.00000, 233.379, -27.2159, 229.203, -147.472, 230.622, 92.1142, 9.90829E-005, -52.734, 0.982095, 134.589, 0.833326, 14.3334, 0.911013, -106.081, 0.0888291, 33.1033
14, 480.00000, 233.322, -27.2337, 229.168, -147.488, 230.582, 92.1002, 9.91176E-005, -52.7668, 0.982337, 134.572, 0.833454, 14.3168, 0.911171, -106.095, 0.0888535, 33.0695
14, 540.00000, 233.32, -27.2343, 229.167, -147.489, 230.581, 92.0998, 9.91191E-005, -52.7675, 0.982343, 134.571, 0.833454, 14.3162, 0.911176, -106.095, 0.0888546, 33.0686
14, 600.00000, 233.339, -27.2286, 229.179, -147.484, 230.594, 92.1043, 9.91043E-005, -52.7575, 0.982254, 134.576, 0.833406, 14.3215, 0.911117, -106.091, 0.0888437, 33.0793
14, 660.00000, 233.536, -27.2416, 229.469, -147.441, 230.49, 92.1306, 0.000104254, 39.9963, 0.736074, 134.564, 0.749121, 14.3639, 0.911538, -106.064, 0.105313, 110.471
14, 720.00000, 233.565, -27.2325, 229.487, -147.433, 230.51, 92.1378, 0.000104253, 40.0097, 0.735972, 134.573, 0.74906, 14.3723, 0.911448, -106.057, 0.105311, 110.484
14, 780.00000, 233.493, -27.255, 229.443, -147.454, 230.46, 92.12, 0.000104252, 39.9797, 0.736207, 134.55, 0.749204, 14.3515, 0.911656, -106.075, 0.105314, 110.455
14, 840.00000, 233.428, -27.2754, 229.404, -147.473, 230.414, 92.1037, 0.00010425, 39.9548, 0.736413, 134.53, 0.749334, 14.3325, 0.911838, -106.091, 0.105315, 110.431
14, 900.00000, 233.397, -27.2852, 229.384, -147.482, 230.391, 92.0959, 0.000104251, 39.9389, 0.736526, 134.52, 0.749399, 14.3234, 0.911936, -106.099, 0.105318, 110.416
14, 960.00000, 233.283, -27.2274, 229.09, -147.499, 230.665, 92.0982, 9.90579E-005, -52.9002, 0.982501, 134.578, 0.833731, 14.3064, 0.910842, -106.097, 0.0887839, 32.9461
14, 1020.00000, 233.304, -27.2208, 229.103, -147.493, 230.68, 92.1033, 9.904E-005, -52.8881, 0.9824, 134.585, 0.833683, 14.3126, 0.910776, -106.092, 0.0887709, 32.9592
14, 1080.00000, 233.282, -27.2276, 229.09, -147.499, 230.665, 92.098, 9.90612E-005, -52.9, 0.982513, 134.577, 0.833735, 14.3061, 0.910852, -106.097, 0.0887868, 32.9459
14, 1140.00000, 233.182, -27.2588, 229.029, -147.528, 230.595, 92.0735, 9.91172E-005, -52.9579, 0.98292, 134.546, 0.833956, 14.2771, 0.911117, -106.121, 0.0888253, 32.8869
14, 1200.00000, 233.161, -27.2653, 229.016, -147.534, 230.58, 92.0685, 9.91349E-005, -52.9693, 0.983022, 134.54, 0.834004, 14.2709, 0.911186, -106.126, 0.0888385, 32.8744
14, 1260.00000, 233.353, -27.3102, 229.217, -147.49, 230.207, 92.0592, 0.000233265, 64.8911, 0.654799, 134.495, 0.83327, 14.3153, 1.07859, -106.136, 0.21179, 134.223
14, 1320.00000, 233.336, -27.3154, 229.207, -147.495, 230.195, 92.0551, 0.000233271, 64.8854, 0.654855, 134.49, 0.833309, 14.3103, 1.07866, -106.14, 0.211796, 134.217
14, 1380.00000, 233.352, -27.3106, 229.217, -147.49, 230.206, 92.0589, 0.000233264, 64.8914, 0.654799, 134.494, 0.833271, 14.3149, 1.07859, -106.136, 0.211789, 134.223
14, 1440.00000, 233.417, -27.2901, 229.257, -147.471, 230.253, 92.075, 0.000233236, 64.9071, 0.654623, 134.515, 0.833127, 14.3338, 1.07838, -106.12, 0.211763, 134.24
14, 1500.00000, 233.424, -27.2881, 229.26, -147.469, 230.257, 92.0765, 0.000233232, 64.9095, 0.654601, 134.517, 0.833112, 14.3357, 1.07836, -106.118, 0.211759, 134.242
14, 1560.00000, 233.246, -27.2905, 229.301, -147.52, 230.485, 92.0797, 0.000142103, 20.3996, 0.818873, 134.515, 0.749676, 14.2855, 0.994421, -106.115, 0.137247, 93.9942
14, 1620.00000, 233.231, -27.2859, 229.295, -147.514, 230.478, 92.0856, 0.000142103, 20.3989, 0.818929, 134.519, 0.749688, 14.2906, 0.994455, -106.109, 0.137247, 93.9942
14, 1680.00000, 233.174, -27.3037, 229.26, -147.531, 230.438, 92.0717, 0.000142107, 20.3762, 0.819128, 134.501, 0.749801, 14.2742, 0.994627, -106.123, 0.137253, 93.9724
14, 1740.00000, 233.095, -27.3285, 229.212, -147.554, 230.382, 92.0524, 0.000142113, 20.3442, 0.81941, 134.477, 0.749961, 14.2513, 0.99487, -106.142, 0.137262, 93.9417
14, 1800.00000, 233.09, -27.3299, 229.209, -147.555, 230.379, 92.0513, 0.000142115, 20.3421, 0.819428, 134.475, 0.74997, 14.25, 0.994885, -106.144, 0.137263, 93.9397
14, 1860.00000, 233.051, -27.3123, 228.914, -147.575, 230.458, 92.0312, 9.91043E-005, -53.0419, 0.983477, 134.493, 0.834374, 14.2301, 0.911662, -106.164, 0.0888582, 32.8205
14, 1920.00000, 233.096, -27.2981, 228.942, -147.562, 230.49, 92.0422, 9.90769E-005, -53.0155, 0.983286, 134.507, 0.834272, 14.2432, 0.911536, -106.153, 0.0888392, 32.8476
14, 1980.00000, 233.068, -27.3068, 228.925, -147.57, 230.471, 92.0354, 9.90942E-005, -53.0318, 0.983402, 134.498, 0.834333, 14.2352, 0.911611, -106.159, 0.0888512, 32.8308
14, 2040.00000, 233.041, -27.3062, 228.911, -147.569, 230.453, 92.0372, 9.9123E-005, -53.035, 0.983521, 134.499, 0.834384, 14.2358, 0.911684, -106.158, 0.088874, 32.8251
14, 2100.00000, 233.017, -27.3135, 228.897, -147.576, 230.436, 92.0315, 9.91374E-005, -53.0492, 0.983619, 134.492, 0.834437, 14.2291, 0.911748, -106.163, 0.0888838, 32.8106
14, 2160.00000, 233.155, -27.3235, 229.061, -147.532, 230.33, 92.0499, 0.000110422, -22.0295, 0.901119, 134.482, 0.750455, 14.2735, 0.912172, -106.145, 0.105394, 58.2926
14, 2220.00000, 233.106, -27.3386, 229.031, -147.546, 230.296, 92.038, 0.000110437, -22.0574, 0.901306, 134.466, 0.750552, 14.2595, 0.912305, -106.157, 0.105406, 58.2664
14, 2280.00000, 233.108, -27.3379, 229.033, -147.545, 230.297, 92.0386, 0.000110437, -22.0561, 0.901297, 134.467, 0.750548, 14.2601, 0.912299, -106.156, 0.105405, 58.2677
14, 2340.00000, 233.02, -27.3653, 228.979, -147.57, 230.235, 92.0173, 0.000110464, -22.1062, 0.901641, 134.44, 0.750725, 14.2348, 0.912545, -106.178, 0.105426, 58.2207
14, 2400.00000, 233.029, -27.3624, 228.984, -147.568, 230.242, 92.0196, 0.000110459, -22.1003, 0.901599, 134.443, 0.750705, 14.2375, 0.912515, -106.175, 0.105422, 58.2263
14, 2460.00000, 232.841, -27.3999, 229.306, -147.547, 229.878, 92.0515, 0.000279563, -19.4966, 1.14842, 134.405, 0.749654, 14.2577, 1.16323, -106.143, 0.247008, 56.3388
14, 2520.00000, 232.783, -27.4178, 229.271, -147.564, 229.837, 92.0377, 0.000279605, -19.5211, 1.14871, 134.387, 0.749767, 14.2413, 1.16343, -106.157, 0.247044, 56.3147
14, 2580.00000, 232.846, -27.3909, 229.312, -147.538, 229.884, 92.061, 0.000279555, -19.4885, 1.1484, 134.414, 0.749633, 14.2671, 1.1632, -106.134, 0.247001, 56.347
14, 2640.00000, 232.79, -27.4082, 229.279, -147.554, 229.845, 92.0476, 0.000279594, -19.5118, 1.14867, 134.397, 0.749741, 14.2511, 1.16339, -106.147, 0.247034, 56.324
14, 2700.00000, 232.774, -27.4133, 229.269, -147.559, 229.833, 92.0437, 0.000279611, -19.5193, 1.14876, 134.392, 0.749776, 14.2465, 1.16346, -106.151, 0.247048, 56.3166
14, 2760.00000, 232.84, -27.3879, 229.008, -147.584, 230.086, 92.0151, 0.000253913, -160.279, 0.820304, 134.417, 1.00084, 14.2208, 0.581088, -106.18, 0.188088, -88.5113
14, 2820.00000, 232.787, -27.4043, 228.976, -147.599, 230.048, 92.0024, 0.000253966, -160.288, 0.820493, 134.401, 1.00098, 14.2057, 0.581182, -106.192, 0.188129, -88.5192
14, 2880.00000, 232.768, -27.4101, 228.965, -147.605, 230.035, 91.9979, 0.000253985, -160.29, 0.820559, 134.395, 1.00103, 14.2004, 0.581215, -106.197, 0.188143, -88.5217
14, 2940.00000, 232.804, -27.3989, 228.987, -147.594, 230.061, 92.0067, 0.000253948, -160.285, 0.820431, 134.406, 1.00093, 14.2107, 0.581152, -106.188, 0.188115, -88.5169
14, 3000.00000, 232.788, -27.4039, 228.977, -147.599, 230.049, 92.0028, 0.000253963, -160.287, 0.820497, 134.401, 1.00098, 14.206, 0.581185, -106.192, 0.188125, -88.5191
14, 3060.00000, 232.786, -27.425, 229.114, -147.61, 230.046, 92.0099, 1.02323E-005, -120.092, 0.902544, 134.38, 0.917013, 14.1947, 0.913296, -106.185, 0.0161393, 83.0981
14, 3120.00000, 232.763, -27.4321, 229.1, -147.617, 230.03, 92.0044, 1.02462E-005, -120.078, 0.902634, 134.373, 0.917068, 14.1881, 0.913358, -106.191, 0.0161354, 83.0543
14, 3180.00000, 232.728, -27.4428, 229.078, -147.627, 230.006, 91.9961, 1.0266E-005, -120.07, 0.902769, 134.362, 0.917153, 14.1783, 0.913455, -106.199, 0.0161287, 82.9953
14, 3240.00000, 232.734, -27.4411, 229.082, -147.625, 230.01, 91.9974, 1.02626E-005, -120.078, 0.902745, 134.364, 0.917139, 14.1799, 0.913438, -106.197, 0.0161291, 83.0078
14, 3300.00000, 232.708, -27.4489, 229.066, -147.633, 229.992, 91.9913, 1.0277E-005, -120.066, 0.902847, 134.356, 0.917202, 14.1726, 0.913511, -106.204, 0.016125, 82.9625
14, 3360.00000, 232.557, -27.4882, 228.996, -147.666, 229.902, 91.9685, 4.87638E-005, 109.135, 0.739176, 134.317, 0.834075, 14.1393, 0.830788, -106.226, 0.0481724, 156.762
14, 3420.00000, 232.526, -27.4976, 228.977, -147.674, 229.881, 91.9612, 4.87578E-005, 109.137, 0.739272, 134.308, 0.834144, 14.1307, 0.830865, -106.234, 0.0481655, 156.758
14, 3480.00000, 232.571, -27.4839, 229.004, -147.662, 229.912, 91.9718, 4.8767E-005, 109.136, 0.739131, 134.321, 0.834046, 14.1433, 0.830753, -106.223, 0.0481755, 156.766
14, 3540.00000, 232.552, -27.4895, 228.993, -147.667, 229.9, 91.9675, 4.8763E-005, 109.137, 0.739187, 134.316, 0.834085, 14.1382, 0.830797, -106.227, 0.0481711, 156.763
15, 0.00000, 232.526, -27.4976, 228.977, -147.674, 229.881, 91.9611, 4.8758E-005, 109.137, 0.739272, 134.307, 0.834144, 14.1307, 0.830865, -106.234, 0.0481655, 156.758
15, 60.00000, 232.261, -27.4211, 228.727, -147.643, 229.952, 92.0101, 0.000173039, -80.2288, 0.986821, 134.384, 0.751552, 14.1619, 0.747548, -106.185, 0.140539, -0.275706
15, 120.00000, 232.266, -27.4196, 228.73, -147.642, 229.955, 92.0111, 0.000173033, -80.2272, 0.986799, 134.386, 0.751543, 14.1633, 0.747536, -106.184, 0.140534, -0.274027
15, 180.00000, 232.274, -27.417, 228.735, -147.639, 229.961, 92.0132, 0.000173023, -80.224, 0.98676, 134.388, 0.751525, 14.1657, 0.747515, -106.182, 0.140526, -0.270523
15, 240.00000, 232.203, -27.4388, 228.691, -147.659, 229.911, 91.9963, 0.000173105, -80.251, 0.987068, 134.366, 0.751669, 14.1456, 0.747679, -106.199, 0.140592, -0.29974
15, 300.00000, 232.16, -27.4518, 228.666, -147.671, 229.882, 91.9863, 0.000173154, -80.267, 0.98725, 134.353, 0.751753, 14.1337, 0.747775, -106.209, 0.14063, -0.317065
15, 360.00000, 232.556, -27.4606, 228.801, -147.624, 229.687, 91.9665, 0.000105359, -109.728, 0.903441, 134.345, 0.834786, 14.1813, 0.748407, -106.228, 0.0744879, -26.1669
15, 420.00000, 232.573, -27.4552, 228.812, -147.619, 229.7, 91.9707, 0.000105342, -109.724, 0.903373, 134.35, 0.834747, 14.1862, 0.748369, -106.224, 0.0744744, -26.1613
15, 480.00000, 232.544, -27.464, 228.795, -147.627, 229.68, 91.9639, 0.000105368, -109.731, 0.903483, 134.341, 0.83481, 14.1782, 0.748433, -106.231, 0.0744951, -26.1705
15, 540.00000, 232.49, -27.4807, 228.761, -147.642, 229.641, 91.9509, 0.000105418, -109.745, 0.903697, 134.324, 0.834932, 14.1628, 0.748559, -106.244, 0.0745351, -26.188
15, 600.00000, 232.423, -27.5008, 228.721, -147.661, 229.595, 91.9352, 0.000105478, -109.761, 0.903954, 134.304, 0.835079, 14.1443, 0.748711, -106.26, 0.0745833, -26.2085
15, 660.00000, 232.291, -27.5268, 228.681, -147.677, 229.517, 91.9404, 6.60546E-005, -136.035, 0.904467, 134.278, 0.918746, 14.1279, 0.832183, -106.255, 0.0342156, -52.2072
15, 720.00000, 232.266, -27.5344, 228.666, -147.684, 229.499, 91.9344, 6.60722E-005, -136.035, 0.904566, 134.271, 0.918807, 14.1208, 0.832246, -106.26, 0.0342301, -52.2064
15, 780.00000, 232.257, -27.5342, 228.661, -147.684, 229.493, 91.935, 6.60758E-005, -136.029, 0.904602, 134.271, 0.918825, 14.1211, 0.832268, -106.26, 0.0342338, -52.1975
15, 840.00000, 232.178, -27.558, 228.613, -147.706, 229.438, 91.9163, 6.61306E-005, -136.03, 0.904909, 134.247, 0.91902, 14.0991, 0.832469, -106.279, 0.0342785, -52.1972
15, 900.00000, 232.134, -27.5712, 228.587, -147.718, 229.407, 91.9059, 6.61579E-005, -136.03, 0.905079, 134.234, 0.919126, 14.0868, 0.832581, -106.289, 0.0343009, -52.1951
15, 960.00000, 232.307, -27.5389, 228.457, -147.715, 229.521, 91.8856, 0.000119378, -82.0841, 1.15107, 134.266, 1.00325, 14.0902, 0.998606, -106.309, 0.0947119, 4.92946
15, 1020.00000, 232.33, -27.5322, 228.471, -147.709, 229.537, 91.8909, 0.000119354, -82.0771, 1.15095, 134.273, 1.00319, 14.0965, 0.998534, -106.304, 0.0946925, 4.9387
15, 1080.00000, 232.294, -27.5431, 228.449, -147.719, 229.511, 91.8824, 0.000119391, -82.0918, 1.15113, 134.262, 1.00329, 14.0864, 0.998643, -106.312, 0.0947204, 4.9207
15, 1140.00000, 232.264, -27.552, 228.431, -147.727, 229.49, 91.8754, 0.000119421, -82.1037, 1.15128, 134.253, 1.00337, 14.0782, 0.998733, -106.319, 0.0947436, 4.90603
15, 1200.00000, 232.256, -27.5544, 228.426, -147.729, 229.485, 91.8735, 0.000119432, -82.1068, 1.15132, 134.251, 1.00339, 14.076, 0.998761, -106.321, 0.0947518, 4.9019
15, 1260.00000, 231.978, -27.5497, 228.239, -147.779, 229.613, 91.8677, 8.60011E-005, 72.8961, 0.823354, 134.255, 0.920525, 14.0262, 0.998203, -106.327, 0.0891686, 135.109
15, 1320.00000, 231.954, -27.5569, 228.224, -147.786, 229.596, 91.862, 8.59962E-005, 72.8907, 0.823438, 134.248, 0.920585, 14.0196, 0.998276, -106.333, 0.0891655, 135.102
15, 1380.00000, 231.942, -27.5604, 228.217, -147.789, 229.587, 91.8592, 8.59924E-005, 72.8852, 0.823486, 134.245, 0.920616, 14.0163, 0.998317, -106.336, 0.0891635, 135.097
15, 1440.00000, 231.942, -27.5606, 228.217, -147.789, 229.587, 91.8591, 8.59936E-005, 72.8871, 0.823483, 134.245, 0.920616, 14.0161, 0.998315, -106.336, 0.089164, 135.098
15, 1500.00000, 231.902, -27.5722, 228.193, -147.8, 229.559, 91.8499, 8.59871E-005, 72.8774, 0.823622, 134.233, 0.920712, 14.0053, 0.998435, -106.345, 0.0891603, 135.087
15, 1560.00000, 231.735, -27.6215, 228.501, -147.766, 229.203, 91.8792, 6.58373E-005, -85.5254, 1.1539, 134.184, 1.08665, 14.0396, 1.08332, -106.316, 0.0512578, 16.1352
15, 1620.00000, 231.701, -27.6316, 228.48, -147.775, 229.179, 91.8712, 6.5868E-005, -85.5408, 1.15407, 134.174, 1.08675, 14.0302, 1.08343, -106.324, 0.0512778, 16.1088
15, 1680.00000, 231.689, -27.6351, 228.473, -147.778, 229.17, 91.8684, 6.58817E-005, -85.5454, 1.15414, 134.17, 1.08678, 14.0269, 1.08348, -106.327, 0.0512874, 16.0992
15, 1740.00000, 231.636, -27.6508, 228.441, -147.793, 229.133, 91.8561, 6.59259E-005, -85.5705, 1.1544, 134.154, 1.08693, 14.0124, 1.08365, -106.339, 0.0513153, 16.0589
15, 1800.00000, 231.612, -27.6579, 228.426, -147.799, 229.116, 91.8505, 6.59481E-005, -85.582, 1.15452, 134.147, 1.087, 14.0059, 1.08373, -106.344, 0.0513295, 16.0395
15, 1860.00000, 231.694, -27.6257, 228.302, -147.828, 229.433, 91.8461, 0.000149727, -40.9906, 1.07168, 134.179, 0.836611, 13.9773, 0.998982, -106.349, 0.13444, 39.8598
15, 1920.00000, 231.638, -27.642, 228.268, -147.843, 229.394, 91.8333, 0.000149768, -41.0197, 1.07193, 134.163, 0.836736, 13.9624, 0.999152, -106.362, 0.134472, 39.8308
15, 1980.00000, 231.647, -27.6394, 228.273, -147.84, 229.401, 91.8354, 0.000149759, -41.0142, 1.07189, 134.166, 0.836714, 13.9646, 0.999122, -106.359, 0.134465, 39.8364
15, 2040.00000, 231.614, -27.6489, 228.254, -147.849, 229.378, 91.828, 0.000149784, -41.0308, 1.07204, 134.156, 0.836787, 13.9559, 0.999224, -106.367, 0.134484, 39.8197
15, 2100.00000, 231.574, -27.6606, 228.229, -147.86, 229.35, 91.8188, 0.000149815, -41.0522, 1.07223, 134.144, 0.836878, 13.9452, 0.999347, -106.376, 0.134508, 39.7983
15, 2160.00000, 231.854, -27.6599, 228.027, -147.857, 229.318, 91.7711, 4.69526E-005, 37.8101, 0.823795, 134.145, 0.837619, 13.9481, 0.916196, -106.424, 0.0595325, 106.808
15, 2220.00000, 231.832, -27.6664, 228.014, -147.863, 229.302, 91.7661, 4.69467E-005, 37.7997, 0.823872, 134.139, 0.837668, 13.9422, 0.916258, -106.429, 0.059529, 106.799
15, 2280.00000, 231.797, -27.6765, 227.992, -147.872, 229.278, 91.7583, 4.69359E-005, 37.7785, 0.823997, 134.129, 0.837747, 13.933, 0.916355, -106.437, 0.0595224, 106.781
15, 2340.00000, 231.808, -27.6733, 227.999, -147.869, 229.286, 91.7608, 4.69392E-005, 37.785, 0.823957, 134.132, 0.837722, 13.9359, 0.916325, -106.434, 0.0595243, 106.786
15, 2400.00000, 231.783, -27.6806, 227.984, -147.876, 229.268, 91.7551, 4.69337E-005, 37.7724, 0.824045, 134.124, 0.837777, 13.9291, 0.916394, -106.44, 0.0595214, 106.775
15, 2460.00000, 231.336, -27.7101, 228.146, -147.913, 229.278, 91.7837, 0.000175645, -80.9809, 1.1559, 134.095, 0.920901, 13.8919, 0.916355, -106.411, 0.141733, 0.503363
15, 2520.00000, 231.325, -27.7133, 228.14, -147.916, 229.27, 91.7812, 0.000175662, -80.9848, 1.15596, 134.092, 0.920929, 13.889, 0.916389, -106.414, 0.141747, 0.498782
15, 2580.00000, 231.306, -27.7187, 228.128, -147.921, 229.257, 91.777, 0.000175682, -80.9912, 1.15604, 134.087, 0.920973, 13.884, 0.916437, -106.418, 0.141763, 0.491737
15, 2640.00000, 231.299, -27.7207, 228.124, -147.923, 229.252, 91.7755, 0.000175693, -80.9939, 1.15608, 134.084, 0.920991, 13.8822, 0.916459, -106.419, 0.141772, 0.488637
15, 2700.00000, 231.274, -27.7279, 228.109, -147.93, 229.235, 91.7698, 0.000175722, -81.0026, 1.1562, 134.077, 0.921051, 13.8754, 0.916526, -106.425, 0.141794, 0.479039
15, 2760.00000, 231.377, -27.7152, 227.999, -147.906, 229.045, 91.755, 0.000125737, -137.022, 1.15569, 134.09, 1.17282, 13.8992, 1.00068, -106.44, 0.0778782, -58.3794
15, 2820.00000, 231.378, -27.7149, 227.999, -147.906, 229.046, 91.7552, 0.000125736, -137.021, 1.15569, 134.09, 1.17281, 13.8995, 1.00067, -106.44, 0.0778772, -58.3793
15, 2880.00000, 231.338, -27.7264, 227.975, -147.916, 229.018, 91.7462, 0.000125775, -137.023, 1.15589, 134.079, 1.17294, 13.8888, 1.00079, -106.449, 0.0779089, -58.3799
15, 2940.00000, 231.326, -27.7298, 227.968, -147.919, 229.009, 91.7436, 0.000125787, -137.023, 1.15595, 134.075, 1.17298, 13.8855, 1.00084, -106.451, 0.0779182, -58.3791
15, 3000.00000, 231.347, -27.7237, 227.981, -147.914, 229.024, 91.7484, 0.000125766, -137.023, 1.15584, 134.081, 1.17291, 13.8913, 1.00077, -106.447, 0.0779015, -58.3799
15, 3060.00000, 231.604, -27.7434, 227.819, -147.904, 228.902, 91.7001, 0.000283335, 83.0686, 0.742213, 134.062, 1.0899, 13.9009, 1.25163, -106.495, 0.252936, 150.731
15, 3120.00000, 231.56, -27.7562, 227.792, -147.916, 228.871, 91.69, 0.000283359, 83.0581, 0.742357, 134.049, 1.09003, 13.889, 1.2518, -106.505, 0.252957, 150.72
15, 3180.00000, 231.537, -27.7628, 227.778, -147.922, 228.855, 91.6849, 0.000283373, 83.0525, 0.742429, 134.042, 1.0901, 13.8828, 1.25188, -106.51, 0.25297, 150.714
15, 3240.00000, 231.487, -27.7772, 227.747, -147.936, 228.82, 91.6736, 0.0002834, 83.0409, 0.742589, 134.028, 1.09024, 13.8696, 1.25208, -106.521, 0.252994, 150.702
15, 3300.00000, 231.484, -27.7783, 227.745, -147.937, 228.818, 91.6728, 0.000283403, 83.0398, 0.742602, 134.027, 1.09025, 13.8685, 1.25209, -106.522, 0.252997, 150.701
15, 3360.00000, 231.525, -27.7885, 227.912, -147.929, 228.872, 91.687, 0.00027964, 71.4342, 0.659972, 134.017, 0.921845, 13.8758, 1.16834, -106.508, 0.250635, 140.504
15, 3420.00000, 231.536, -27.7853, 227.919, -147.926, 228.879, 91.6895, 0.000279634, 71.4371, 0.659938, 134.02, 0.921817, 13.8786, 1.1683, -106.505, 0.250629, 140.507
15, 3480.00000, 231.503, -27.7946, 227.899, -147.935, 228.857, 91.6822, 0.000279654, 71.4289, 0.660033, 134.01, 0.921896, 13.87, 1.16842, -106.513, 0.250647, 140.499
15, 3540.00000, 231.476, -27.8024, 227.883, -147.942, 228.838, 91.6762, 0.000279669, 71.4223, 0.66011, 134.003, 0.921963, 13.8628, 1.16851, -106.519, 0.250661, 140.492
16, 0.00000, 231.437, -27.8138, 227.859, -147.953, 228.81, 91.6672, 0.00027969, 71.4129, 0.660224, 133.991, 0.922062, 13.8524, 1.16866, -106.528, 0.25068, 140.482
16, 60.00000, 230.772, -27.8558, 227.941, -148.012, 228.751, 91.6991, 0.000123493, -137.248, 0.910421, 133.949, 0.921732, 13.7928, 0.751472, -106.496, 0.0817295, -60.0875
16, 120.00000, 230.739, -27.8652, 227.921, -148.021, 228.728, 91.6917, 0.000123518, -137.25, 0.910551, 133.94, 0.92181, 13.7841, 0.751547, -106.503, 0.0817502, -60.0884
16, 180.00000, 230.685, -27.8806, 227.888, -148.035, 228.689, 91.6795, 0.000123564, -137.254, 0.910767, 133.925, 0.921946, 13.7697, 0.751674, -106.515, 0.0817864, -60.091
16, 240.00000, 230.677, -27.8827, 227.883, -148.037, 228.684, 91.6779, 0.00012357, -137.254, 0.9108, 133.922, 0.921965, 13.7677, 0.751693, -106.517, 0.0817915, -60.0905
16, 300.00000, 230.647, -27.8913, 227.865, -148.045, 228.663, 91.671, 0.000123594, -137.257, 0.910915, 133.914, 0.922037, 13.7596, 0.75176, -106.524, 0.0818105, -60.0923
16, 360.00000, 230.731, -27.8914, 227.641, -148.05, 228.581, 91.6332, 0.000239215, -138.043, 1.15892, 133.914, 1.17466, 13.7555, 0.835594, -106.562, 0.172436, -62.7655
16, 420.00000, 230.7, -27.9002, 227.622, -148.058, 228.558, 91.626, 0.000239256, -138.047, 1.15908, 133.905, 1.17476, 13.7472, 0.835672, -106.569, 0.172469, -62.7687
16, 480.00000, 230.651, -27.914, 227.592, -148.071, 228.523, 91.6149, 0.000239317, -138.053, 1.15933, 133.891, 1.17491, 13.7342, 0.835799, -106.58, 0.172517, -62.7735
16, 540.00000, 230.612, -27.9247, 227.568, -148.081, 228.496, 91.6062, 0.000239365, -138.057, 1.15952, 133.881, 1.17503, 13.724, 0.835899, -106.589, 0.172555, -62.7773
16, 600.00000, 230.582, -27.933, 227.55, -148.089, 228.475, 91.5995, 0.000239402, -138.061, 1.15967, 133.872, 1.17513, 13.7162, 0.835976, -106.595, 0.172585, -62.7801
16, 660.00000, 230.548, -27.947, 227.53, -148.104, 228.414, 91.6028, 0.000250167, 28.8106, 0.911311, 133.858, 0.839448, 13.7012, 1.2543, -106.592, 0.230055, 101.322
16, 720.00000, 230.518, -27.9554, 227.511, -148.112, 228.393, 91.5959, 0.000250178, 28.8014, 0.911426, 133.85, 0.839517, 13.6933, 1.25442, -106.599, 0.230066, 101.313
16, 780.00000, 230.509, -27.9577, 227.506, -148.114, 228.387, 91.594, 0.000250183, 28.7975, 0.911465, 133.847, 0.839538, 13.6911, 1.25445, -106.601, 0.230071, 101.309
16, 840.00000, 230.521, -27.9544, 227.513, -148.111, 228.395, 91.5967, 0.000250176, 28.8034, 0.911407, 133.851, 0.839508, 13.6942, 1.2544, -106.598, 0.230065, 101.314
16, 900.00000, 230.494, -27.9621, 227.497, -148.118, 228.376, 91.5905, 0.000250189, 28.7935, 0.91152, 133.843, 0.839572, 13.6869, 1.25451, -106.604, 0.230077, 101.305
16, 960.00000, 230.379, -27.9517, 227.508, -148.145, 228.654, 91.5958, 4.52612E-005, 36.084, 0.911976, 133.853, 0.923485, 13.6598, 1.00239, -106.599, 0.0603275, 105.14
16, 1020.00000, 230.34, -27.9626, 227.484, -148.156, 228.626, 91.587, 4.52526E-005, 36.0566, 0.912127, 133.843, 0.923582, 13.6495, 1.00251, -106.608, 0.0603234, 105.118
16, 1080.00000, 230.293, -27.9757, 227.455, -148.168, 228.593, 91.5764, 4.5243E-005, 36.0222, 0.912312, 133.829, 0.923698, 13.6371, 1.00265, -106.618, 0.0603191, 105.091
16, 1140.00000, 230.196, -28.0028, 227.395, -148.194, 228.524, 91.5544, 4.52233E-005, 35.9481, 0.912703, 133.802, 0.923943, 13.6112, 1.00296, -106.641, 0.0603106, 105.033
16, 1200.00000, 230.174, -28.009, 227.381, -148.2, 228.508, 91.5493, 4.52184E-005, 35.933, 0.912788, 133.796, 0.923997, 13.6054, 1.00303, -106.646, 0.0603083, 105.021
16, 1260.00000, 230.133, -28.0367, 227.351, -148.211, 228.313, 91.5257, 0.000190763, 135.365, 0.746959, 133.768, 1.09214, 13.5947, 0.920229, -106.669, 0.153048, -161.489
16, 1320.00000, 230.127, -28.0382, 227.348, -148.212, 228.309, 91.5244, 0.000190764, 135.364, 0.746979, 133.767, 1.09216, 13.5932, 0.920245, -106.67, 0.153048, -161.49
16, 1380.00000, 230.1, -28.0459, 227.331, -148.219, 228.29, 91.5182, 0.000190773, 135.359, 0.747066, 133.759, 1.09224, 13.5859, 0.920321, -106.677, 0.153054, -161.495
16, 1440.00000, 230.062, -28.0528, 227.309, -148.226, 228.264, 91.5136, 0.000190782, 135.356, 0.74719, 133.752, 1.09235, 13.5796, 0.920426, -106.681, 0.15306, -161.498
16, 1500.00000, 230.069, -28.0509, 227.313, -148.224, 228.269, 91.5151, 0.000190781, 135.358, 0.747165, 133.754, 1.09232, 13.5815, 0.920405, -106.68, 0.153059, -161.496
16, 1560.00000, 229.686, -28.2208, 227.1, -148.35, 227.763, 91.3714, 4.58189E-005, 35.178, 0.914726, 133.584, 0.925142, 13.4551, 1.00631, -106.823, 0.0609449, 104.557
16, 1620.00000, 229.848, -28.1757, 227.199, -148.307, 227.878, 91.4081, 4.5849E-005, 35.3005, 0.914079, 133.63, 0.924738, 13.4981, 1.0058, -106.787, 0.0609571, 104.653
16, 1680.00000, 230.228, -28.0698, 227.432, -148.207, 228.148, 91.4941, 4.59214E-005, 35.583, 0.912574, 133.735, 0.923791, 13.5985, 1.00461, -106.701, 0.0609872, 104.874
16, 1740.00000, 230.174, -28.085, 227.399, -148.221, 228.109, 91.4818, 4.59118E-005, 35.5443, 0.912786, 133.72, 0.923925, 13.5841, 1.00478, -106.713, 0.0609835, 104.844
16, 1800.00000, 230.124, -28.0989, 227.369, -148.234, 228.074, 91.4705, 4.59023E-005, 35.5071, 0.912984, 133.706, 0.924049, 13.5709, 1.00494, -106.724, 0.0609795, 104.814
16, 1860.00000, 230.267, -28.0755, 227.205, -148.209, 227.997, 91.4679, 4.67064E-005, 111.822, 0.995368, 133.73, 1.09284, 13.5957, 1.08905, -106.727, 0.0492999, 151.594
16, 1920.00000, 230.234, -28.0848, 227.185, -148.218, 227.974, 91.4603, 4.6695E-005, 111.824, 0.995509, 133.72, 1.09294, 13.5869, 1.08916, -106.735, 0.0492892, 151.584
16, 1980.00000, 230.206, -28.0924, 227.168, -148.225, 227.954, 91.4542, 4.66851E-005, 111.825, 0.995627, 133.713, 1.09302, 13.5797, 1.08925, -106.741, 0.0492805, 151.575
16, 2040.00000, 230.136, -28.112, 227.125, -148.244, 227.904, 91.4382, 4.66605E-005, 111.826, 0.995929, 133.693, 1.09323, 13.5611, 1.08949, -106.757, 0.0492586, 151.552
16, 2100.00000, 230.141, -28.1105, 227.128, -148.243, 227.908, 91.4394, 4.6662E-005, 111.826, 0.995907, 133.695, 1.09321, 13.5625, 1.08947, -106.755, 0.0492601, 151.553
16, 2160.00000, 230.005, -28.1176, 227.102, -148.268, 228.008, 91.4336, 0.000172602, 165.065, 0.664333, 133.688, 0.925136, 13.5373, 0.670152, -106.761, 0.128198, -128.915
16, 2220.00000, 229.983, -28.1237, 227.089, -148.274, 227.993, 91.4286, 0.000172609, 165.062, 0.664396, 133.681, 0.92519, 13.5315, 0.670197, -106.766, 0.128202, -128.918
16, 2280.00000, 229.936, -28.1332, 227.062, -148.282, 227.961, 91.4219, 0.000172626, 165.06, 0.664531, 133.672, 0.925299, 13.5228, 0.670291, -106.773, 0.128213, -128.919
16, 2340.00000, 229.888, -28.1464, 227.032, -148.295, 227.927, 91.4112, 0.000172644, 165.054, 0.664668, 133.659, 0.925418, 13.5102, 0.67039, -106.784, 0.128224, -128.925
16, 2400.00000, 229.901, -28.1381, 227.043, -148.287, 227.938, 91.4192, 0.000172638, 165.061, 0.664633, 133.667, 0.925378, 13.5185, 0.670359, -106.776, 0.128219, -128.918
16, 2460.00000, 229.969, -28.1376, 226.921, -148.296, 227.961, 91.3964, 5.53881E-005, -29.535, 0.913599, 133.668, 0.841701, 13.5094, 0.921649, -106.799, 0.0604415, 59.6113
16, 2520.00000, 229.85, -28.1708, 226.848, -148.327, 227.876, 91.3693, 5.54343E-005, -29.6273, 0.914074, 133.634, 0.841974, 13.4778, 0.921991, -106.826, 0.0604701, 59.5284
16, 2580.00000, 229.795, -28.1825, 226.816, -148.338, 227.839, 91.3609, 5.54542E-005, -29.6675, 0.914291, 133.623, 0.842093, 13.4671, 0.922143, -106.834, 0.0604816, 59.4932
16, 2640.00000, 229.758, -28.1929, 226.793, -148.348, 227.812, 91.3525, 5.54685E-005, -29.6957, 0.914437, 133.612, 0.842177, 13.4572, 0.92225, -106.842, 0.0604905, 59.4678
16, 2700.00000, 229.738, -28.1983, 226.78, -148.353, 227.798, 91.348, 5.54804E-005, -29.7128, 0.914527, 133.607, 0.842226, 13.452, 0.922313, -106.847, 0.0604983, 59.4518
16, 2760.00000, 229.749, -28.2213, 226.93, -148.321, 227.542, 91.3746, 0.000388562, 40.14, 0.665074, 133.584, 0.673333, 13.4844, 1.25911, -106.82, 0.341287, 112.201
16, 2820.00000, 229.737, -28.2244, 226.923, -148.324, 227.534, 91.3719, 0.000388572, 40.1367, 0.665111, 133.581, 0.673357, 13.4814, 1.25916, -106.823, 0.341296, 112.197
16, 2880.00000, 229.743, -28.2228, 226.927, -148.322, 227.538, 91.3732, 0.000388565, 40.1385, 0.665089, 133.582, 0.673344, 13.483, 1.25913, -106.822, 0.34129, 112.199
16, 2940.00000, 229.301, -28.3461, 226.654, -148.439, 227.223, 91.2732, 0.000388983, 40.0204, 0.666373, 133.459, 0.674155, 13.366, 1.26087, -106.922, 0.341659, 112.081
16, 3000.00000, 229.291, -28.3489, 226.647, -148.442, 227.216, 91.2709, 0.000388994, 40.0175, 0.666406, 133.456, 0.674174, 13.3633, 1.26092, -106.924, 0.341669, 112.078
16, 3060.00000, 229.361, -28.2195, 226.914, -148.373, 227.707, 91.381, 0.00012018, -82.0212, 0.916025, 133.586, 0.757559, 13.4322, 0.754914, -106.814, 0.09642, 1.28628
16, 3120.00000, 229.324, -28.2298, 226.891, -148.383, 227.681, 91.3727, 0.000120215, -82.0322, 0.916171, 133.575, 0.757633, 13.4224, 0.755002, -106.822, 0.096448, 1.27322
16, 3180.00000, 229.25, -28.2503, 226.846, -148.402, 227.629, 91.356, 0.000120286, -82.0549, 0.916466, 133.555, 0.757784, 13.4029, 0.755175, -106.839, 0.0965051, 1.24606
16, 3240.00000, 229.162, -28.2747, 226.792, -148.425, 227.567, 91.3362, 0.00012037, -82.0823, 0.916816, 133.531, 0.757964, 13.3798, 0.755382, -106.859, 0.0965723, 1.21357
16, 3300.00000, 229.094, -28.2905, 226.752, -148.44, 227.519, 91.3243, 0.000120434, -82.1021, 0.91709, 133.515, 0.758098, 13.3651, 0.75554, -106.871, 0.0966236, 1.18973
16, 3360.00000, 229.032, -28.2958, 226.712, -148.463, 227.711, 91.3274, 6.73688E-005, -86.7299, 1.08413, 133.509, 1.01097, 13.3425, 1.00654, -106.867, 0.0520779, 12.1
16, 3420.00000, 228.995, -28.3061, 226.69, -148.472, 227.685, 91.3189, 6.74021E-005, -86.7432, 1.0843, 133.499, 1.01107, 13.3326, 1.00665, -106.876, 0.0521017, 12.0761
16, 3480.00000, 228.935, -28.3228, 226.653, -148.488, 227.643, 91.3054, 6.74546E-005, -86.7637, 1.08458, 133.482, 1.01124, 13.3168, 1.00684, -106.889, 0.0521396, 12.0389
16, 3540.00000, 228.914, -28.3285, 226.64, -148.494, 227.628, 91.3008, 6.74766E-005, -86.7684, 1.08469, 133.477, 1.0113, 13.3114, 1.00691, -106.894, 0.0521565, 12.0269
17, 0.00000, 228.93, -28.3243, 226.65, -148.49, 227.639, 91.3043, 6.74576E-005, -86.7661, 1.08461, 133.481, 1.01125, 13.3154, 1.00685, -106.891, 0.0521414, 12.0357
17, 60.00000, 229.018, -28.3152, 226.4, -148.464, 227.281, 91.2651, 5.61677E-005, -34.6148, 1.25099, 133.49, 1.1811, 13.3411, 1.26055, -106.93, 0.066271, 60.5445
17, 120.00000, 228.943, -28.3362, 226.353, -148.484, 227.228, 91.2481, 5.62069E-005, -34.6819, 1.2514, 133.469, 1.18134, 13.3213, 1.26085, -106.947, 0.0662912, 60.486
17, 180.00000, 228.932, -28.3392, 226.346, -148.487, 227.22, 91.2456, 5.62166E-005, -34.6935, 1.25147, 133.466, 1.18138, 13.3182, 1.2609, -106.949, 0.0662968, 60.4751
17, 240.00000, 228.906, -28.3464, 226.331, -148.494, 227.201, 91.2398, 5.62279E-005, -34.7157, 1.2516, 133.459, 1.18146, 13.3115, 1.261, -106.955, 0.0663024, 60.4561
17, 300.00000, 228.835, -28.3662, 226.287, -148.512, 227.151, 91.2237, 5.6266E-005, -34.7801, 1.25199, 133.439, 1.18169, 13.2927, 1.26128, -106.971, 0.066322, 60.3998
17, 360.00000, 228.476, -28.3906, 226.417, -148.563, 227.265, 91.2452, 0.000218182, -94.99, 1.42116, 133.415, 1.18101, 13.2422, 1.09256, -106.95, 0.169492, -13.7924
17, 420.00000, 228.41, -28.4089, 226.376, -148.58, 227.219, 91.2304, 0.000218288, -95.006, 1.42156, 133.396, 1.18122, 13.2249, 1.09278, -106.964, 0.169579, -13.8111
17, 480.00000, 228.402, -28.4112, 226.371, -148.582, 227.212, 91.2285, 0.000218304, -95.0081, 1.42162, 133.394, 1.18125, 13.2226, 1.09281, -106.966, 0.169592, -13.8136
17, 540.00000, 228.439, -28.4008, 226.394, -148.573, 227.239, 91.237, 0.000218242, -94.9989, 1.42139, 133.404, 1.18113, 13.2325, 1.09268, -106.958, 0.169541, -13.8029
17, 600.00000, 228.427, -28.4041, 226.386, -148.576, 227.231, 91.2343, 0.000218263, -95.0018, 1.42146, 133.401, 1.18117, 13.2293, 1.09272, -106.961, 0.169559, -13.8063
17, 660.00000, 228.712, -28.4154, 226.383, -148.554, 227.067, 91.2153, 0.000239424, -138.434, 1.00213, 133.39, 1.01244, 13.2514, 0.672929, -106.98, 0.176355, -63.5363
17, 720.00000, 228.649, -28.433, 226.344, -148.57, 227.022, 91.201, 0.000239499, -138.442, 1.00241, 133.372, 1.01262, 13.2348, 0.673062, -106.994, 0.176414, -63.5438
17, 780.00000, 228.637, -28.4364, 226.336, -148.574, 227.013, 91.1982, 0.000239513, -138.444, 1.00247, 133.369, 1.01265, 13.2315, 0.673089, -106.996, 0.176425, -63.545
17, 840.00000, 228.601, -28.4465, 226.314, -148.583, 226.988, 91.19, 0.000239555, -138.448, 1.00262, 133.359, 1.01275, 13.222, 0.673164, -107.005, 0.176459, -63.5493
17, 900.00000, 228.53, -28.4662, 226.27, -148.602, 226.937, 91.174, 0.000239639, -138.458, 1.00293, 133.339, 1.01295, 13.2032, 0.673314, -107.021, 0.176526, -63.5575
17, 960.00000, 228.481, -28.4684, 226.087, -148.621, 227.022, 91.1459, 0.000244949, 50.6494, 1.00315, 133.337, 1.09825, 13.1841, 1.43026, -107.049, 0.229795, 120.56
17, 1020.00000, 228.458, -28.4748, 226.073, -148.627, 227.006, 91.1407, 0.000244957, 50.6423, 1.00325, 133.33, 1.09832, 13.178, 1.43036, -107.054, 0.229804, 120.553
17, 1080.00000, 228.46, -28.4742, 226.074, -148.627, 227.007, 91.1411, 0.000244956, 50.6429, 1.00324, 133.331, 1.09831, 13.1785, 1.43035, -107.054, 0.229803, 120.553
17, 1140.00000, 228.419, -28.4855, 226.049, -148.637, 226.979, 91.132, 0.000244969, 50.6306, 1.00342, 133.32, 1.09843, 13.1679, 1.43053, -107.063, 0.229817, 120.541
17, 1200.00000, 228.352, -28.5042, 226.008, -148.655, 226.931, 91.1168, 0.00024499, 50.6102, 1.00371, 133.301, 1.09863, 13.1502, 1.43083, -107.078, 0.229839, 120.52
17, 1260.00000, 228.326, -28.5468, 226.3, -148.6, 226.526, 91.1417, 0.000135553, 83.135, 0.920175, 133.258, 1.09722, 13.2051, 1.18044, -107.053, 0.130164, 145.794
17, 1320.00000, 228.265, -28.564, 226.262, -148.616, 226.482, 91.1279, 0.00013555, 83.1193, 0.920422, 133.241, 1.0974, 13.189, 1.18067, -107.067, 0.130165, 145.777
17, 1380.00000, 228.235, -28.5723, 226.244, -148.624, 226.461, 91.1212, 0.000135548, 83.1111, 0.920543, 133.233, 1.09749, 13.1811, 1.18078, -107.074, 0.130165, 145.768
17, 1440.00000, 228.137, -28.5995, 226.184, -148.65, 226.392, 91.0991, 0.000135542, 83.0861, 0.920936, 133.206, 1.09778, 13.1554, 1.18114, -107.096, 0.130164, 145.74
17, 1500.00000, 228.076, -28.6165, 226.146, -148.666, 226.348, 91.0853, 0.000135538, 83.0695, 0.921185, 133.188, 1.09796, 13.1393, 1.18137, -107.11, 0.130164, 145.722
17, 1560.00000, 227.759, -28.5888, 225.893, -148.763, 226.872, 91.0783, 8.12649E-005, 72.192, 1.09019, 133.216, 1.18375, 13.0419, 1.26283, -107.117, 0.090528, 131.414
17, 1620.00000, 227.699, -28.6055, 225.856, -148.779, 226.83, 91.0648, 8.12432E-005, 72.1729, 1.09047, 133.2, 1.18394, 13.0262, 1.26306, -107.13, 0.0905153, 131.391
17, 1680.00000, 227.709, -28.6027, 225.862, -148.776, 226.837, 91.067, 8.12473E-005, 72.1769, 1.09042, 133.202, 1.18391, 13.0288, 1.26302, -107.128, 0.0905175, 131.396
17, 1740.00000, 227.681, -28.6105, 225.845, -148.784, 226.817, 91.0607, 8.12369E-005, 72.1662, 1.09056, 133.195, 1.184, 13.0214, 1.26313, -107.134, 0.0905118, 131.384
17, 1800.00000, 227.64, -28.622, 225.819, -148.795, 226.788, 91.0514, 8.12223E-005, 72.1523, 1.09076, 133.183, 1.18413, 13.0105, 1.2633, -107.143, 0.0905035, 131.368
17, 1860.00000, 227.717, -28.6793, 226.02, -148.775, 226.371, 91.0358, 0.000209058, -110.094, 1.09039, 133.126, 0.929564, 13.0297, 0.759372, -107.159, 0.159264, -31.6186
17, 1920.00000, 227.69, -28.6869, 226.003, -148.783, 226.352, 91.0296, 0.000209096, -110.099, 1.09052, 133.118, 0.929634, 13.0225, 0.759436, -107.165, 0.159295, -31.6244
17, 1980.00000, 227.536, -28.7295, 225.908, -148.823, 226.243, 90.9951, 0.000209304, -110.128, 1.09126, 133.076, 0.930023, 12.9821, 0.759803, -107.2, 0.159466, -31.656
17, 2040.00000, 227.515, -28.7352, 225.896, -148.828, 226.228, 90.9904, 0.000209334, -110.132, 1.09136, 133.07, 0.930076, 12.9767, 0.759854, -107.204, 0.159491, -31.6602
17, 2100.00000, 227.498, -28.7378, 225.886, -148.831, 226.217, 90.989, 0.00020936, -110.133, 1.09144, 133.067, 0.930115, 12.9744, 0.759891, -107.206, 0.159512, -31.6611
17, 2160.00000, 227.485, -28.7425, 225.845, -148.825, 226.126, 90.9788, 9.15262E-005, 3.17341, 1.0915, 133.063, 1.01486, 12.9805, 1.18253, -107.216, 0.100186, 81.4108
17, 2220.00000, 227.429, -28.7582, 225.81, -148.84, 226.086, 90.9661, 9.15355E-005, 3.13718, 1.09177, 133.047, 1.01501, 12.9656, 1.18274, -107.229, 0.100194, 81.3798
17, 2280.00000, 227.348, -28.7808, 225.76, -148.861, 226.028, 90.9478, 9.15489E-005, 3.08484, 1.09216, 133.024, 1.01524, 12.9443, 1.18304, -107.247, 0.100207, 81.335
17, 2340.00000, 227.281, -28.7993, 225.719, -148.878, 225.981, 90.9328, 9.15603E-005, 3.04162, 1.09248, 133.006, 1.01542, 12.9267, 1.18329, -107.262, 0.100218, 81.2981
17, 2400.00000, 227.267, -28.8032, 225.71, -148.882, 225.97, 90.9296, 9.15651E-005, 3.03033, 1.09255, 133.002, 1.01546, 12.9229, 1.18334, -107.265, 0.100222, 81.2885
17, 2460.00000, 227.294, -28.8155, 225.733, -148.893, 226.004, 90.9346, 0.00016035, 38.3903, 0.840322, 132.99, 0.846131, 12.9124, 1.09865, -107.26, 0.15465, 109.431
17, 2520.00000, 227.251, -28.8277, 225.706, -148.904, 225.973, 90.9247, 0.000160356, 38.3751, 0.840482, 132.977, 0.846233, 12.9009, 1.0988, -107.27, 0.154658, 109.416
17, 2580.00000, 227.183, -28.8464, 225.664, -148.922, 225.925, 90.9096, 0.000160367, 38.3513, 0.840731, 132.959, 0.84639, 12.8832, 1.09904, -107.285, 0.154671, 109.392
17, 2640.00000, 227.17, -28.85, 225.656, -148.925, 225.916, 90.9067, 0.000160369, 38.3463, 0.840781, 132.955, 0.84642, 12.8798, 1.09908, -107.288, 0.154674, 109.388
17, 2700.00000, 227.116, -28.8651, 225.623, -148.94, 225.878, 90.8945, 0.000160377, 38.3275, 0.840979, 132.94, 0.846545, 12.8655, 1.09927, -107.3, 0.154684, 109.369
17, 2760.00000, 227.501, -28.8619, 225.291, -148.919, 225.67, 90.8143, 0.000249057, 50.2885, 0.839556, 132.943, 0.93257, 12.8862, 1.26955, -107.381, 0.229506, 120.652
17, 2820.00000, 227.491, -28.8647, 225.285, -148.922, 225.663, 90.812, 0.000249061, 50.2851, 0.839596, 132.94, 0.932596, 12.8835, 1.2696, -107.383, 0.22951, 120.649
17, 2880.00000, 227.424, -28.8833, 225.243, -148.939, 225.615, 90.7969, 0.00024909, 50.2658, 0.839841, 132.922, 0.932767, 12.8659, 1.26986, -107.398, 0.229539, 120.629
17, 2940.00000, 227.362, -28.9005, 225.205, -148.956, 225.571, 90.7828, 0.000249117, 50.2476, 0.840069, 132.905, 0.932927, 12.8495, 1.27011, -107.412, 0.229565, 120.611
17, 3000.00000, 227.424, -28.8833, 225.243, -148.939, 225.615, 90.7969, 0.00024909, 50.2656, 0.839841, 132.922, 0.932767, 12.8659, 1.26986, -107.398, 0.229539, 120.629
17, 3060.00000, 226.783, -28.8813, 225.325, -149.012, 226.067, 90.8517, 6.94287E-005, -87.3223, 1.09488, 132.924, 1.01719, 12.7928, 1.01386, -107.343, 0.0536486, 10.9042
17, 3120.00000, 226.724, -28.8975, 225.289, -149.028, 226.025, 90.8385, 6.94818E-005, -87.3432, 1.09516, 132.908, 1.01736, 12.7774, 1.01405, -107.356, 0.0536866, 10.8674
17, 3180.00000, 226.723, -28.8978, 225.289, -149.028, 226.025, 90.8383, 6.94828E-005, -87.3435, 1.09517, 132.907, 1.01736, 12.7772, 1.01405, -107.357, 0.0536874, 10.8667
17, 3240.00000, 226.776, -28.8831, 225.321, -149.014, 226.062, 90.8502, 6.94347E-005, -87.3256, 1.09491, 132.922, 1.01722, 12.7911, 1.01388, -107.345, 0.0536525, 10.8991
17, 3300.00000, 226.751, -28.8901, 225.306, -149.021, 226.044, 90.8446, 6.9459E-005, -87.3332, 1.09504, 132.915, 1.01728, 12.7845, 1.01396, -107.35, 0.0536706, 10.8841
17, 3360.00000, 227.058, -28.9297, 225.445, -149.005, 225.778, 90.8045, 0.00015671, -63.7192, 1.00943, 132.875, 0.762493, 12.7998, 0.845963, -107.39, 0.132638, 17.1594
17, 3420.00000, 226.99, -28.9487, 225.403, -149.023, 225.729, 90.7892, 0.000156781, -63.7451, 1.00974, 132.856, 0.762634, 12.7818, 0.846146, -107.406, 0.132695, 17.1315
17, 3480.00000, 226.959, -28.9573, 225.384, -149.031, 225.707, 90.7822, 0.000156817, -63.7576, 1.00988, 132.848, 0.762699, 12.7738, 0.84623, -107.413, 0.132723, 17.118
17, 3540.00000, 226.916, -28.9694, 225.357, -149.043, 225.676, 90.7724, 0.000156859, -63.774, 1.01007, 132.836, 0.76279, 12.7621, 0.846345, -107.423, 0.132757, 17.1004
18, 0.00000, 226.882, -28.9787, 225.336, -149.052, 225.652, 90.7649, 0.000156897, -63.7873, 1.01022, 132.827, 0.76286, 12.7536, 0.846435, -107.43, 0.132787, 17.086
18, 60.00000, 226.541, -29.0067, 225.262, -149.084, 225.547, 90.7571, 0.000173957, 165.967, 0.927426, 132.798, 1.18706, 12.7208, 0.931515, -107.438, 0.124412, -129.957
18, 120.00000, 226.497, -29.0188, 225.236, -149.096, 225.516, 90.7473, 0.000173973, 165.964, 0.927604, 132.786, 1.1872, 12.7094, 0.931642, -107.448, 0.12442, -129.959
18, 180.00000, 226.422, -29.0397, 225.189, -149.116, 225.462, 90.7303, 0.000174001, 165.958, 0.927913, 132.765, 1.18745, 12.6896, 0.931864, -107.465, 0.124433, -129.963
18, 240.00000, 226.406, -29.0441, 225.179, -149.12, 225.451, 90.7268, 0.000174006, 165.957, 0.927979, 132.761, 1.1875, 12.6853, 0.93191, -107.468, 0.124435, -129.964
18, 300.00000, 226.35, -29.0597, 225.145, -149.135, 225.411, 90.7141, 0.000174028, 165.953, 0.928209, 132.745, 1.18768, 12.6706, 0.932075, -107.481, 0.124447, -129.966
18, 360.00000, 226.53, -29.0779, 225.039, -149.125, 225.156, 90.6765, 6.91471E-005, -86.6235, 1.0961, 132.727, 1.01849, 12.6803, 1.01796, -107.518, 0.0535592, 11.8698
18, 420.00000, 226.491, -29.0886, 225.015, -149.135, 225.128, 90.6677, 6.91836E-005, -86.6351, 1.09629, 132.716, 1.0186, 12.6701, 1.01809, -107.527, 0.0535864, 11.8469
18, 480.00000, 226.42, -29.1084, 224.971, -149.154, 225.077, 90.6516, 6.92446E-005, -86.6595, 1.09664, 132.697, 1.0188, 12.6513, 1.01832, -107.543, 0.0536304, 11.8043
18, 540.00000, 226.36, -29.1251, 224.934, -149.17, 225.034, 90.6381, 6.92984E-005, -86.6792, 1.09693, 132.68, 1.01897, 12.6355, 1.01851, -107.557, 0.0536696, 11.7682
18, 600.00000, 226.297, -29.1426, 224.895, -149.186, 224.99, 90.6239, 6.93547E-005, -86.7, 1.09723, 132.663, 1.01914, 12.619, 1.01871, -107.571, 0.0537106, 11.7304
18, 660.00000, 225.855, -29.1219, 224.739, -149.251, 225.403, 90.6552, 5.78055E-005, -36.7575, 1.18394, 132.683, 1.10484, 12.5541, 1.18632, -107.54, 0.0656579, 57.3428
18, 720.00000, 225.81, -29.1346, 224.711, -149.263, 225.37, 90.645, 5.78296E-005, -36.7984, 1.18418, 132.671, 1.10498, 12.5422, 1.18649, -107.55, 0.0656705, 57.3064
18, 780.00000, 225.759, -29.1487, 224.679, -149.276, 225.334, 90.6335, 5.78571E-005, -36.8438, 1.18445, 132.656, 1.10513, 12.5287, 1.18668, -107.561, 0.0656851, 57.2658
18, 840.00000, 225.766, -29.1468, 224.683, -149.275, 225.339, 90.6351, 5.7853E-005, -36.8376, 1.18441, 132.658, 1.10511, 12.5306, 1.18666, -107.56, 0.0656828, 57.2715
18, 900.00000, 225.719, -29.1598, 224.654, -149.287, 225.306, 90.6246, 5.78787E-005, -36.8793, 1.18466, 132.645, 1.10525, 12.5182, 1.18683, -107.57, 0.0656966, 57.234
18, 960.00000, 225.698, -29.2042, 224.88, -149.286, 225.157, 90.6251, 1.16266E-005, -114.806, 0.761638, 132.601, 0.76441, 12.5188, 0.763468, -107.57, 0.0129457, 68.942
18, 1020.00000, 225.619, -29.226, 224.831, -149.307, 225.101, 90.6075, 1.16651E-005, -114.765, 0.761903, 132.579, 0.764574, 12.4982, 0.763657, -107.587, 0.0129476, 68.7795
18, 1080.00000, 225.608, -29.2291, 224.824, -149.31, 225.093, 90.6049, 1.16703E-005, -114.754, 0.76194, 132.576, 0.764597, 12.4953, 0.763683, -107.59, 0.0129488, 68.7561
18, 1140.00000, 225.592, -29.2336, 224.814, -149.314, 225.082, 90.6013, 1.16781E-005, -114.743, 0.761996, 132.572, 0.764631, 12.4911, 0.763722, -107.594, 0.0129496, 68.7225
18, 1200.00000, 225.572, -29.239, 224.802, -149.319, 225.068, 90.5969, 1.16874E-005, -114.733, 0.762061, 132.566, 0.764671, 12.486, 0.763768, -107.598, 0.0129503, 68.683
18, 1260.00000, 225.693, -29.179, 224.102, -149.373, 225.552, 90.5342, 0.000363034, -163.308, 1.01554, 132.626, 1.27844, 12.4318, 0.67745, -107.661, 0.272747, -91.5683
18, 1320.00000, 225.686, -29.1811, 224.098, -149.375, 225.547, 90.5325, 0.000363043, -163.309, 1.01557, 132.624, 1.27846, 12.4299, 0.677465, -107.662, 0.272754, -91.5693
18, 1380.00000, 225.619, -29.1996, 224.056, -149.393, 225.499, 90.5175, 0.00036313, -163.319, 1.01587, 132.606, 1.2787, 12.4123, 0.677607, -107.677, 0.27282, -91.5778
18, 1440.00000, 225.571, -29.2129, 224.026, -149.405, 225.466, 90.5068, 0.000363187, -163.326, 1.01608, 132.592, 1.27886, 12.3995, 0.677706, -107.688, 0.272863, -91.5845
18, 1500.00000, 225.542, -29.2211, 224.008, -149.413, 225.445, 90.5002, 0.000363227, -163.33, 1.01622, 132.584, 1.27897, 12.3918, 0.677769, -107.695, 0.272894, -91.5882
18, 1560.00000, 225.31, -29.2749, 224.314, -149.429, 225.082, 90.5068, 6.12898E-005, 174.742, 0.932493, 132.53, 1.02178, 12.3764, 0.933436, -107.688, 0.0321997, -135.708
18, 1620.00000, 225.219, -29.3002, 224.257, -149.453, 225.018, 90.4863, 6.13065E-005, 174.766, 0.932871, 132.505, 1.02204, 12.3524, 0.933706, -107.709, 0.0321916, -135.661
18, 1680.00000, 225.157, -29.3174, 224.218, -149.469, 224.973, 90.4723, 6.13174E-005, 174.783, 0.933127, 132.488, 1.02222, 12.336, 0.933889, -107.723, 0.0321855, -135.628
18, 1740.00000, 225.116, -29.3287, 224.193, -149.48, 224.944, 90.4632, 6.13209E-005, 174.794, 0.933293, 132.477, 1.02233, 12.3252, 0.934005, -107.732, 0.0321788, -135.609
18, 1800.00000, 225.122, -29.3271, 224.197, -149.478, 224.949, 90.4645, 6.13238E-005, 174.792, 0.93327, 132.478, 1.02232, 12.3268, 0.933991, -107.73, 0.0321824, -135.61
18, 1860.00000, 225.137, -29.3916, 224.299, -149.463, 224.514, 90.4525, 4.28551E-005, 30.0406, 1.10289, 132.413, 1.107, 12.3422, 1.19102, -107.742, 0.0631298, 100.68
18, 1920.00000, 225.074, -29.409, 224.26, -149.479, 224.469, 90.4384, 4.28391E-005, 29.9828, 1.10319, 132.396, 1.1072, 12.3257, 1.19125, -107.756, 0.0631221, 100.639
18, 1980.00000, 225.059, -29.4131, 224.251, -149.483, 224.459, 90.4351, 4.28361E-005, 29.9676, 1.10326, 132.392, 1.10724, 12.3217, 1.19131, -107.76, 0.0631209, 100.629
18, 2040.00000, 224.997, -29.4306, 224.212, -149.5, 224.414, 90.421, 4.28187E-005, 29.9104, 1.10357, 132.375, 1.10744, 12.3052, 1.19155, -107.774, 0.0631121, 100.588
18, 2100.00000, 224.931, -29.4489, 224.171, -149.517, 224.367, 90.4062, 4.28013E-005, 29.8488, 1.1039, 132.356, 1.10764, 12.2878, 1.1918, -107.789, 0.0631036, 100.545
18, 2160.00000, 224.789, -29.4694, 224.317, -149.529, 224.359, 90.4035, 0.000106828, -57.2006, 1.10459, 132.336, 0.936622, 12.2759, 1.02157, -107.791, 0.0952915, 29.4459
18, 2220.00000, 224.735, -29.4844, 224.283, -149.543, 224.321, 90.3913, 0.000106877, -57.2273, 1.10486, 132.321, 0.936762, 12.2616, 1.02175, -107.804, 0.0953274, 29.4164
18, 2280.00000, 224.696, -29.4953, 224.259, -149.554, 224.293, 90.3825, 0.000106912, -57.2467, 1.10504, 132.31, 0.936856, 12.2514, 1.02187, -107.812, 0.0953539, 29.3949
18, 2340.00000, 224.652, -29.5073, 224.232, -149.565, 224.262, 90.3728, 0.000106951, -57.2683, 1.10526, 132.298, 0.936968, 12.24, 1.02201, -107.822, 0.0953823, 29.371
18, 2400.00000, 224.581, -29.5272, 224.188, -149.584, 224.211, 90.3567, 0.000107012, -57.3044, 1.10562, 132.278, 0.937162, 12.2211, 1.02225, -107.838, 0.0954279, 29.3317
18, 2460.00000, 224.923, -29.521, 223.921, -149.578, 224.183, 90.3002, 4.50205E-005, 31.9141, 0.934098, 132.284, 0.938279, 12.2267, 1.02238, -107.895, 0.0606705, 101.985
18, 2520.00000, 224.921, -29.5213, 223.92, -149.579, 224.182, 90.2999, 4.50193E-005, 31.9129, 0.934104, 132.284, 0.938282, 12.2264, 1.02238, -107.895, 0.0606696, 101.984
18, 2580.00000, 224.821, -29.5492, 223.857, -149.605, 224.111, 90.2773, 4.4998E-005, 31.8342, 0.934522, 132.256, 0.938547, 12.1999, 1.02271, -107.918, 0.0606599, 101.924
18, 2640.00000, 224.74, -29.572, 223.806, -149.627, 224.052, 90.2588, 4.4981E-005, 31.7699, 0.934862, 132.233, 0.938762, 12.1783, 1.02298, -107.936, 0.0606523, 101.874
18, 2700.00000, 224.768, -29.5642, 223.823, -149.619, 224.072, 90.2651, 4.49861E-005, 31.7942, 0.934747, 132.241, 0.938692, 12.1857, 1.02289, -107.93, 0.0606543, 101.893
18, 2760.00000, 224.374, -29.5712, 223.657, -149.681, 224.153, 90.2657, 0.000131021, -137.332, 1.10664, 132.234, 1.11018, 12.1238, 0.937304, -107.929, 0.0839622, -58.9603
18, 2820.00000, 224.468, -29.5451, 223.715, -149.657, 224.22, 90.2868, 0.000130933, -137.329, 1.10617, 132.26, 1.10989, 12.1486, 0.937024, -107.908, 0.0838915, -58.9613
18, 2880.00000, 224.396, -29.5649, 223.671, -149.675, 224.169, 90.2708, 0.000131, -137.331, 1.10653, 132.24, 1.11012, 12.1298, 0.937239, -107.924, 0.0839454, -58.9608
18, 2940.00000, 224.343, -29.5797, 223.637, -149.689, 224.131, 90.2588, 0.000131046, -137.333, 1.10678, 132.225, 1.11027, 12.1156, 0.937388, -107.936, 0.0839829, -58.96
18, 3000.00000, 224.346, -29.5789, 223.639, -149.689, 224.134, 90.2595, 0.000131046, -137.333, 1.10677, 132.226, 1.11027, 12.1165, 0.937388, -107.935, 0.0839827, -58.9607
18, 3060.00000, 224.365, -29.601, 223.604, -149.643, 223.799, 90.2533, 0.000157012, -45.0479, 1.27694, 132.204, 1.02503, 12.1623, 1.19482, -107.942, 0.141931, 37.2859
18, 3120.00000, 224.334, -29.6094, 223.585, -149.651, 223.777, 90.2464, 0.000157044, -45.0633, 1.27711, 132.196, 1.02511, 12.1543, 1.19493, -107.949, 0.141955, 37.2701
18, 3180.00000, 224.258, -29.6307, 223.537, -149.671, 223.723, 90.2292, 0.000157118, -45.1014, 1.27755, 132.174, 1.02534, 12.1342, 1.19523, -107.966, 0.142012, 37.2313
18, 3240.00000, 224.229, -29.6385, 223.519, -149.678, 223.703, 90.2228, 0.000157146, -45.1155, 1.2777, 132.167, 1.02541, 12.1268, 1.19533, -107.972, 0.142033, 37.2168
18, 3300.00000, 224.206, -29.645, 223.504, -149.684, 223.686, 90.2175, 0.000157169, -45.1272, 1.27784, 132.16, 1.02548, 12.1206, 1.19542, -107.977, 0.142051, 37.2049
18, 3360.00000, 224.144, -29.6149, 223.476, -149.75, 224.277, 90.2261, 0.000160434, -65.4829, 1.10777, 132.19, 0.854676, 12.0554, 0.936786, -107.969, 0.135927, 16.1424
18, 3420.00000, 224.174, -29.6065, 223.495, -149.742, 224.299, 90.2328, 0.000160401, -65.4712, 1.10763, 132.199, 0.854611, 12.0633, 0.936701, -107.962, 0.135901, 16.1551
18, 3480.00000, 224.159, -29.6106, 223.486, -149.746, 224.288, 90.2295, 0.000160418, -65.4769, 1.10769, 132.195, 0.854636, 12.0595, 0.936737, -107.965, 0.135914, 16.1488
18, 3540.00000, 224.128, -29.6193, 223.466, -149.754, 224.266, 90.2225, 0.000160453, -65.4895, 1.10784, 132.186, 0.854707, 12.0513, 0.936828, -107.972, 0.135942, 16.1351
19, 0.00000, 224.076, -29.6337, 223.434, -149.768, 224.229, 90.2108, 0.000160512, -65.5104, 1.10809, 132.171, 0.854827, 12.0376, 0.936978, -107.984, 0.135988, 16.1123
19, 60.00000, 223.926, -29.7027, 223.312, -149.739, 223.41, 90.1728, 0.000245341, -0.155648, 1.19415, 132.102, 0.940835, 12.0664, 1.36789, -108.022, 0.22644, 75.0447
19, 120.00000, 223.902, -29.7094, 223.297, -149.745, 223.393, 90.1674, 0.000245354, -0.16556, 1.19427, 132.096, 0.940893, 12.0601, 1.36798, -108.027, 0.226452, 75.0352
19, 180.00000, 223.874, -29.7172, 223.28, -149.752, 223.373, 90.1611, 0.00024537, -0.177263, 1.19442, 132.088, 0.940966, 12.0527, 1.36811, -108.034, 0.226467, 75.0239
19, 240.00000, 223.832, -29.729, 223.253, -149.764, 223.343, 90.1515, 0.000245395, -0.194806, 1.19464, 132.076, 0.941075, 12.0415, 1.36829, -108.043, 0.226489, 75.0069
19, 300.00000, 223.801, -29.7374, 223.234, -149.772, 223.321, 90.1447, 0.000245414, -0.207453, 1.1948, 132.068, 0.941158, 12.0335, 1.36842, -108.05, 0.226506, 74.9947
19, 360.00000, 223.76, -29.7044, 223.076, -149.796, 223.57, 90.1396, 0.000246521, 90.4209, 0.85359, 132.101, 1.1987, 12.0091, 1.28148, -108.055, 0.220051, 156.11
19, 420.00000, 223.718, -29.7162, 223.049, -149.807, 223.54, 90.13, 0.000246536, 90.4109, 0.853744, 132.089, 1.19883, 11.9979, 1.28164, -108.065, 0.220065, 156.099
19, 480.00000, 223.675, -29.728, 223.022, -149.818, 223.509, 90.1204, 0.000246552, 90.4007, 0.853906, 132.077, 1.19897, 11.9867, 1.28182, -108.074, 0.22008, 156.088
19, 540.00000, 223.612, -29.7455, 222.983, -149.835, 223.464, 90.1062, 0.000246576, 90.3856, 0.854141, 132.06, 1.19918, 11.97, 1.28207, -108.089, 0.220101, 156.073
19, 600.00000, 223.513, -29.773, 222.921, -149.861, 223.394, 90.0839, 0.000246614, 90.3618, 0.85451, 132.032, 1.1995, 11.9439, 1.28246, -108.111, 0.220136, 156.048
19, 660.00000, 223.67, -29.7834, 222.83, -149.876, 223.456, 90.0438, 0.000196362, 22.6447, 1.02473, 132.022, 0.94287, 11.9287, 1.28213, -108.151, 0.187485, 95.6188
19, 720.00000, 223.687, -29.7787, 222.84, -149.872, 223.468, 90.0476, 0.000196358, 22.6517, 1.02465, 132.026, 0.94283, 11.9332, 1.28207, -108.147, 0.18748, 95.6255
19, 780.00000, 223.636, -29.7928, 222.809, -149.885, 223.432, 90.0362, 0.000196369, 22.6323, 1.02487, 132.012, 0.942949, 11.9198, 1.28226, -108.159, 0.187492, 95.6068
19, 840.00000, 223.59, -29.8058, 222.779, -149.898, 223.398, 90.0257, 0.000196381, 22.6142, 1.02508, 131.999, 0.943074, 11.9075, 1.28245, -108.169, 0.187506, 95.5893
19, 900.00000, 223.537, -29.8204, 222.746, -149.911, 223.361, 90.0138, 0.000196395, 22.5938, 1.02532, 131.985, 0.943212, 11.8937, 1.28266, -108.181, 0.18752, 95.5697
19, 960.00000, 223.083, -29.8654, 223.18, -149.917, 223.174, 90.0952, 0.000173677, -120.598, 1.36989, 131.94, 1.28372, 11.8877, 1.11258, -108.1, 0.120692, -39.2782
19, 1020.00000, 222.985, -29.8925, 223.119, -149.943, 223.104, 90.0734, 0.000173804, -120.61, 1.37046, 131.913, 1.28404, 11.8619, 1.1129, -108.121, 0.120797, -39.2931
19, 1080.00000, 222.962, -29.899, 223.104, -149.949, 223.088, 90.0681, 0.000173841, -120.612, 1.37063, 131.906, 1.28415, 11.8558, 1.11301, -108.127, 0.120827, -39.2949
19, 1140.00000, 222.978, -29.8945, 223.114, -149.945, 223.099, 90.0717, 0.000173821, -120.609, 1.37054, 131.911, 1.2841, 11.8601, 1.11296, -108.123, 0.120811, -39.2916
19, 1200.00000, 222.949, -29.9025, 223.096, -149.953, 223.079, 90.0652, 0.000173858, -120.613, 1.3707, 131.903, 1.28419, 11.8525, 1.11305, -108.13, 0.120841, -39.2969
19, 1260.00000, 223.379, -29.9041, 222.697, -149.938, 222.993, 89.9817, 0.000189157, 87.6365, 1.02606, 131.901, 1.2865, 11.8668, 1.37045, -108.213, 0.174994, 151.111
19, 1320.00000, 223.33, -29.9177, 222.666, -149.951, 222.959, 89.9707, 0.000189162, 87.626, 1.02627, 131.887, 1.28666, 11.8539, 1.37064, -108.224, 0.175, 151.1
19, 1380.00000, 223.315, -29.9219, 222.657, -149.955, 222.948, 89.9673, 0.000189163, 87.6225, 1.02635, 131.883, 1.28673, 11.85, 1.37072, -108.228, 0.175001, 151.096
19, 1440.00000, 223.272, -29.934, 222.629, -149.967, 222.917, 89.9575, 0.000189166, 87.6124, 1.02654, 131.871, 1.28688, 11.8384, 1.3709, -108.237, 0.175005, 151.085
19, 1500.00000, 223.229, -29.9459, 222.602, -149.978, 222.887, 89.9479, 0.000189169, 87.6026, 1.02673, 131.859, 1.28703, 11.8272, 1.37109, -108.247, 0.175009, 151.074
19, 1560.00000, 222.798, -29.9283, 222.514, -150.048, 223.223, 89.9618, 0.000189176, -84.1261, 1.37165, 131.877, 1.11589, 11.7576, 1.11234, -108.233, 0.151869, -1.51461
19, 1620.00000, 222.789, -29.9309, 222.508, -150.05, 223.217, 89.9597, 0.00018919, -84.1292, 1.3717, 131.874, 1.11591, 11.7552, 1.11237, -108.235, 0.151879, -1.5182
19, 1680.00000, 222.741, -29.9443, 222.477, -150.063, 223.182, 89.9489, 0.000189259, -84.1453, 1.37198, 131.861, 1.11605, 11.7424, 1.11253, -108.246, 0.151935, -1.5368
19, 1740.00000, 222.689, -29.9586, 222.445, -150.076, 223.146, 89.9373, 0.000189337, -84.1622, 1.3723, 131.847, 1.11622, 11.7288, 1.11271, -108.258, 0.151997, -1.55648
19, 1800.00000, 222.622, -29.9772, 222.403, -150.094, 223.098, 89.9222, 0.000189437, -84.1842, 1.3727, 131.828, 1.11642, 11.7111, 1.11294, -108.273, 0.152077, -1.58213
19, 1860.00000, 222.772, -30.065, 222.91, -150.03, 222.457, 89.9434, 0.000282786, 69.2004, 0.857379, 131.74, 1.1139, 11.7748, 1.37375, -108.251, 0.25699, 137.62
19, 1920.00000, 222.74, -30.0739, 222.89, -150.039, 222.434, 89.9363, 0.000282803, 69.1921, 0.85749, 131.731, 1.11399, 11.7664, 1.37388, -108.259, 0.257005, 137.611
19, 1980.00000, 222.696, -30.0862, 222.863, -150.05, 222.402, 89.9263, 0.000282825, 69.1807, 0.857655, 131.719, 1.11412, 11.7547, 1.37407, -108.269, 0.257026, 137.6
19, 2040.00000, 222.665, -30.0948, 222.843, -150.059, 222.38, 89.9194, 0.000282841, 69.1726, 0.857779, 131.71, 1.11423, 11.7466, 1.37421, -108.275, 0.257041, 137.592
19, 2100.00000, 222.642, -30.1012, 222.829, -150.065, 222.364, 89.9142, 0.000282852, 69.1666, 0.85787, 131.704, 1.1143, 11.7406, 1.37432, -108.281, 0.257052, 137.585
19, 2160.00000, 222.334, -30.0265, 222.459, -150.125, 223.061, 89.8999, 0.000154355, 35.6694, 1.20269, 131.779, 1.20202, 11.6802, 1.45566, -108.295, 0.158173, 106.257
19, 2220.00000, 222.302, -30.0354, 222.439, -150.133, 223.039, 89.8927, 0.000154349, 35.6563, 1.20286, 131.77, 1.20212, 11.6718, 1.45579, -108.302, 0.15817, 106.244
19, 2280.00000, 222.269, -30.0445, 222.419, -150.142, 223.016, 89.8854, 0.000154347, 35.6421, 1.20303, 131.761, 1.20223, 11.6632, 1.45594, -108.309, 0.158171, 106.231
19, 2340.00000, 222.243, -30.0516, 222.402, -150.149, 222.997, 89.8796, 0.000154345, 35.6308, 1.20317, 131.753, 1.20232, 11.6564, 1.45606, -108.315, 0.158172, 106.22
19, 2400.00000, 222.215, -30.0595, 222.385, -150.156, 222.977, 89.8733, 0.000154343, 35.6186, 1.20333, 131.746, 1.20241, 11.649, 1.45619, -108.322, 0.158173, 106.209
19, 2460.00000, 222.534, -30.0889, 222.198, -150.121, 222.416, 89.8422, 0.000243577, 13.1636, 1.02996, 131.716, 0.859592, 11.6838, 1.28812, -108.353, 0.224564, 86.9363
19, 2520.00000, 222.487, -30.1021, 222.168, -150.134, 222.383, 89.8315, 0.000243599, 13.1472, 1.03016, 131.703, 0.859694, 11.6713, 1.2883, -108.363, 0.224585, 86.9202
19, 2580.00000, 222.44, -30.115, 222.139, -150.146, 222.349, 89.821, 0.00024362, 13.1298, 1.03037, 131.69, 0.859808, 11.659, 1.28849, -108.374, 0.224605, 86.9034
19, 2640.00000, 222.387, -30.13, 222.105, -150.16, 222.311, 89.8089, 0.000243644, 13.1099, 1.03062, 131.675, 0.859937, 11.6449, 1.28871, -108.386, 0.224628, 86.884
19, 2700.00000, 222.36, -30.1375, 222.088, -150.167, 222.292, 89.8029, 0.000243658, 13.0996, 1.03075, 131.668, 0.860011, 11.6378, 1.28883, -108.392, 0.224641, 86.874
19, 2760.00000, 222.507, -30.1844, 222.436, -150.143, 222.131, 89.7951, 0.000173955, -25.5024, 1.11592, 131.621, 0.858674, 11.6619, 1.11781, -108.4, 0.159858, 53.0634
19, 2820.00000, 222.501, -30.1862, 222.432, -150.145, 222.127, 89.7937, 0.000173961, -25.5056, 1.11595, 131.619, 0.858686, 11.6602, 1.11783, -108.401, 0.159863, 53.0602
19, 2880.00000, 222.456, -30.1989, 222.404, -150.157, 222.094, 89.7834, 0.000173989, -25.5273, 1.11616, 131.606, 0.858784, 11.6483, 1.11797, -108.411, 0.159885, 53.0392
19, 2940.00000, 222.401, -30.214, 222.369, -150.171, 222.056, 89.7712, 0.000174026, -25.5536, 1.11643, 131.591, 0.858913, 11.634, 1.11816, -108.424, 0.159915, 53.0137
19, 3000.00000, 222.375, -30.2214, 222.353, -150.178, 222.037, 89.7653, 0.000174047, -25.5666, 1.11657, 131.584, 0.858986, 11.6271, 1.11827, -108.43, 0.159933, 53.001
19, 3060.00000, 222.065, -30.2045, 222.374, -150.214, 222.323, 89.7992, 9.32672E-005, 139.433, 0.946089, 131.601, 1.11658, 11.5916, 1.03101, -108.396, 0.0708831, -168.469
19, 3120.00000, 222.036, -30.2124, 222.356, -150.221, 222.303, 89.7928, 9.32662E-005, 139.471, 0.946229, 131.593, 1.11667, 11.584, 1.03102, -108.402, 0.0708599, -168.431
19, 3180.00000, 222.003, -30.2217, 222.335, -150.23, 222.279, 89.7852, 9.3266E-005, 139.472, 0.946369, 131.583, 1.11677, 11.5751, 1.03112, -108.41, 0.0708546, -168.432
19, 3240.00000, 221.981, -30.2277, 222.322, -150.236, 222.264, 89.7804, 9.32651E-005, 139.474, 0.946466, 131.577, 1.11684, 11.5695, 1.0312, -108.414, 0.0708505, -168.432
19, 3300.00000, 221.92, -30.2448, 222.283, -150.252, 222.22, 89.7667, 9.32662E-005, 139.475, 0.946708, 131.56, 1.11702, 11.5534, 1.03139, -108.428, 0.0708423, -168.433
19, 3360.00000, 221.748, -30.2869, 222.413, -150.285, 222.101, 89.7666, 0.00032057, -14.8083, 1.29201, 131.518, 0.858761, 11.5196, 1.37595, -108.428, 0.285171, 60.5992
19, 3420.00000, 221.766, -30.2818, 222.424, -150.281, 222.114, 89.7707, 0.000320552, -14.8012, 1.29192, 131.523, 0.858725, 11.5244, 1.37588, -108.424, 0.285156, 60.6062
19, 3480.00000, 221.764, -30.2823, 222.423, -150.281, 222.113, 89.7703, 0.000320552, -14.8018, 1.29192, 131.523, 0.858723, 11.5239, 1.37588, -108.424, 0.285156, 60.6056
19, 3540.00000, 221.724, -30.2934, 222.398, -150.292, 222.084, 89.7614, 0.000320586, -14.8174, 1.29213, 131.512, 0.858807, 11.5134, 1.37603, -108.433, 0.285185, 60.5903
20, 0.00000, 221.691, -30.3025, 222.377, -150.3, 222.061, 89.754, 0.000320619, -14.8306, 1.29232, 131.503, 0.858889, 11.5048, 1.37618, -108.441, 0.285213, 60.5773
20, 60.00000, 221.478, -30.1662, 221.936, -150.228, 222.103, 89.8179, 0.000232843, -125.649, 1.46608, 131.639, 1.37697, 11.5772, 1.11796, -108.377, 0.1664, -47.0805
20, 120.00000, 221.432, -30.179, 221.907, -150.24, 222.07, 89.8076, 0.000232908, -125.658, 1.46633, 131.626, 1.37713, 11.565, 1.1181, -108.387, 0.166452, -47.0898
20, 180.00000, 221.384, -30.1922, 221.877, -150.253, 222.036, 89.7969, 0.000232985, -125.664, 1.46665, 131.613, 1.37732, 11.5525, 1.11827, -108.398, 0.166514, -47.0957
20, 240.00000, 221.338, -30.205, 221.848, -150.265, 222.003, 89.7865, 0.00023306, -125.669, 1.46695, 131.6, 1.3775, 11.5404, 1.11843, -108.408, 0.166575, -47.1014
20, 300.00000, 221.331, -30.2069, 221.844, -150.266, 221.999, 89.785, 0.000233077, -125.669, 1.46703, 131.598, 1.37754, 11.5386, 1.11847, -108.41, 0.166589, -47.1014
20, 360.00000, 221.17, -30.2567, 222.164, -150.253, 221.833, 89.8077, 0.000350913, 20.8463, 1.12266, 131.548, 0.945697, 11.5524, 1.54981, -108.387, 0.316923, 93.8003
20, 420.00000, 221.128, -30.2685, 222.138, -150.264, 221.803, 89.7982, 0.000350943, 20.8328, 1.12286, 131.537, 0.945791, 11.5413, 1.55, -108.397, 0.31695, 93.787
20, 480.00000, 221.109, -30.2735, 222.126, -150.269, 221.79, 89.7942, 0.000350955, 20.8263, 1.12296, 131.532, 0.945849, 11.5366, 1.5501, -108.401, 0.316962, 93.7806
20, 540.00000, 221.106, -30.2743, 222.124, -150.269, 221.788, 89.7935, 0.000350957, 20.825, 1.12299, 131.531, 0.945863, 11.5358, 1.55013, -108.401, 0.316964, 93.7793
20, 600.00000, 221.104, -30.2751, 222.123, -150.27, 221.786, 89.7929, 0.000350959, 20.8241, 1.123, 131.53, 0.94587, 11.5351, 1.55014, -108.402, 0.316966, 93.7784
20, 660.00000, 221.87, -30.211, 221.604, -150.267, 222.081, 89.7159, 7.42982E-005, -89.5698, 1.20522, 131.594, 1.12046, 11.5377, 1.11807, -108.479, 0.056849, 9.38337
20, 720.00000, 221.833, -30.2214, 221.58, -150.277, 222.054, 89.7074, 7.4325E-005, -89.59, 1.20539, 131.584, 1.12057, 11.5278, 1.11818, -108.487, 0.0568643, 9.35621
20, 780.00000, 221.81, -30.2277, 221.566, -150.283, 222.038, 89.7023, 7.43497E-005, -89.5982, 1.20552, 131.577, 1.12065, 11.5218, 1.11827, -108.493, 0.0568819, 9.34076
20, 840.00000, 221.788, -30.2339, 221.552, -150.289, 222.022, 89.6973, 7.43721E-005, -89.6062, 1.20564, 131.571, 1.12072, 11.516, 1.11835, -108.498, 0.0568979, 9.32629
20, 900.00000, 221.763, -30.2409, 221.536, -150.296, 222.004, 89.6917, 7.43973E-005, -89.6151, 1.20578, 131.564, 1.1208, 11.5094, 1.11844, -108.503, 0.0569158, 9.30999
20, 960.00000, 221.66, -30.3119, 222.038, -150.284, 221.711, 89.717, 0.000333256, 63.9882, 0.947847, 131.493, 1.2043, 11.5211, 1.55067, -108.478, 0.302426, 133.127
20, 1020.00000, 221.638, -30.3179, 222.025, -150.29, 221.695, 89.7122, 0.000333272, 63.9816, 0.947929, 131.487, 1.20436, 11.5154, 1.55077, -108.483, 0.302441, 133.121
20, 1080.00000, 221.594, -30.3303, 221.997, -150.301, 221.664, 89.7022, 0.000333301, 63.97, 0.948106, 131.475, 1.2045, 11.5038, 1.55098, -108.493, 0.302468, 133.109
20, 1140.00000, 221.56, -30.3398, 221.975, -150.31, 221.639, 89.6945, 0.000333322, 63.961, 0.948258, 131.465, 1.20462, 11.4948, 1.55115, -108.5, 0.302488, 133.1
20, 1200.00000, 221.546, -30.3435, 221.967, -150.314, 221.63, 89.6916, 0.000333329, 63.9574, 0.948326, 131.462, 1.20468, 11.4913, 1.55123, -108.503, 0.302495, 133.096
20, 1260.00000, 221.209, -30.3648, 222.057, -150.317, 221.535, 89.7097, 0.00032206, -14.3676, 1.12247, 131.44, 0.688114, 11.488, 1.20703, -108.485, 0.282842, 60.5002
20, 1320.00000, 221.19, -30.3701, 222.045, -150.322, 221.521, 89.7054, 0.000322081, -14.3746, 1.12255, 131.435, 0.68814, 11.483, 1.2071, -108.489, 0.282859, 60.4932
20, 1380.00000, 221.177, -30.3736, 222.037, -150.325, 221.512, 89.7026, 0.000322094, -14.3796, 1.12262, 131.432, 0.688167, 11.4797, 1.20715, -108.492, 0.282871, 60.4883
20, 1440.00000, 221.161, -30.378, 222.028, -150.33, 221.501, 89.6991, 0.000322109, -14.3856, 1.1227, 131.427, 0.688196, 11.4755, 1.20721, -108.496, 0.282884, 60.4823
20, 1500.00000, 221.145, -30.3824, 222.018, -150.334, 221.49, 89.6955, 0.000322125, -14.3917, 1.12278, 131.423, 0.688227, 11.4714, 1.20727, -108.499, 0.282897, 60.4763
20, 1560.00000, 220.85, -30.3637, 221.796, -150.38, 221.67, 89.7174, 9.13865E-005, 143.495, 1.29726, 131.441, 1.46395, 11.4251, 1.37864, -108.477, 0.0666038, -172.012
20, 1620.00000, 220.84, -30.3665, 221.79, -150.383, 221.663, 89.7152, 9.1389E-005, 143.5, 1.29731, 131.439, 1.46399, 11.4224, 1.37867, -108.48, 0.0666007, -172.007
20, 1680.00000, 220.837, -30.3674, 221.788, -150.384, 221.66, 89.7145, 9.13883E-005, 143.502, 1.29734, 131.438, 1.46401, 11.4216, 1.37869, -108.48, 0.0665988, -172.006
20, 1740.00000, 220.83, -30.3691, 221.784, -150.385, 221.656, 89.7131, 9.1388E-005, 143.503, 1.29737, 131.436, 1.46403, 11.4199, 1.37871, -108.482, 0.0665969, -172.006
20, 1800.00000, 220.826, -30.3703, 221.781, -150.386, 221.653, 89.7121, 9.13875E-005, 143.504, 1.2974, 131.435, 1.46405, 11.4188, 1.37873, -108.483, 0.0665952, -172.005
20, 1860.00000, 221.11, -30.3411, 221.61, -150.361, 221.566, 89.6761, 0.000345282, -130.957, 1.38212, 131.464, 1.29281, 11.444, 0.86204, -108.519, 0.260355, -55.3068
20, 1920.00000, 221.103, -30.3431, 221.605, -150.363, 221.561, 89.6745, 0.00034529, -130.959, 1.38216, 131.462, 1.29284, 11.442, 0.862061, -108.52, 0.260361, -55.3087
20, 1980.00000, 221.088, -30.3472, 221.596, -150.367, 221.551, 89.6712, 0.000345316, -130.961, 1.38224, 131.458, 1.29289, 11.4381, 0.862099, -108.524, 0.260383, -55.311
20, 2040.00000, 221.082, -30.349, 221.592, -150.369, 221.546, 89.6698, 0.00034533, -130.962, 1.38229, 131.456, 1.29292, 11.4365, 0.86212, -108.525, 0.260394, -55.3118
20, 2100.00000, 221.082, -30.349, 221.592, -150.369, 221.546, 89.6698, 0.000345331, -130.962, 1.38229, 131.456, 1.29292, 11.4365, 0.862122, -108.525, 0.260395, -55.3117
20, 2160.00000, 221.376, -30.2979, 221.092, -150.382, 221.728, 89.6152, 9.94014E-005, 106.438, 1.12162, 131.507, 1.29583, 11.4227, 1.29213, -108.58, 0.0930215, 159.31
20, 2220.00000, 221.37, -30.2997, 221.088, -150.384, 221.723, 89.6138, 9.93999E-005, 106.442, 1.12165, 131.505, 1.29586, 11.421, 1.29215, -108.581, 0.0930179, 159.312
20, 2280.00000, 221.37, -30.2997, 221.088, -150.384, 221.723, 89.6138, 9.93993E-005, 106.442, 1.12165, 131.505, 1.29586, 11.421, 1.29215, -108.581, 0.0930174, 159.312
20, 2340.00000, 221.354, -30.3041, 221.078, -150.388, 221.712, 89.6102, 9.93964E-005, 106.44, 1.12172, 131.501, 1.29591, 11.4169, 1.29221, -108.585, 0.0930146, 159.309
20, 2400.00000, 221.338, -30.3084, 221.068, -150.392, 221.701, 89.6067, 9.93923E-005, 106.439, 1.1218, 131.497, 1.29597, 11.4127, 1.29228, -108.588, 0.0930105, 159.305
20, 2460.00000, 221.075, -30.3337, 221.506, -150.404, 221.8, 89.6375, 0.000252774, -83.9709, 1.64152, 131.471, 1.29343, 11.4006, 1.2917, -108.557, 0.203959, -2.73351
20, 2520.00000, 221.072, -30.3346, 221.504, -150.405, 221.798, 89.6368, 0.000252777, -83.9704, 1.64154, 131.471, 1.29343, 11.3998, 1.29171, -108.558, 0.203963, -2.73314
20, 2580.00000, 221.06, -30.3381, 221.496, -150.409, 221.789, 89.634, 0.0002528, -83.9744, 1.64163, 131.467, 1.29347, 11.3964, 1.29176, -108.561, 0.203981, -2.73763
20, 2640.00000, 221.059, -30.3381, 221.496, -150.409, 221.789, 89.634, 0.000252803, -83.9745, 1.64164, 131.467, 1.29348, 11.3964, 1.29177, -108.561, 0.203983, -2.73773
20, 2700.00000, 221.059, -30.3381, 221.496, -150.409, 221.789, 89.634, 0.000252803, -83.9745, 1.64164, 131.467, 1.29348, 11.3964, 1.29177, -108.561, 0.203983, -2.73773
20, 2760.00000, 220.848, -30.3829, 221.523, -150.396, 221.677, 89.6576, 8.15287E-005, -133.003, 1.38375, 131.422, 1.37955, 11.4095, 1.29242, -108.537, 0.0391619, -40.6674
20, 2820.00000, 220.848, -30.3829, 221.523, -150.396, 221.677, 89.6576, 8.15345E-005, -132.999, 1.38376, 131.422, 1.37954, 11.4095, 1.29242, -108.537, 0.0391681, -40.6634
20, 2880.00000, 220.848, -30.3829, 221.523, -150.396, 221.677, 89.6576, 8.15346E-005, -132.999, 1.38376, 131.422, 1.37954, 11.4095, 1.29242, -108.537, 0.0391681, -40.6634
20, 2940.00000, 220.848, -30.3829, 221.523, -150.396, 221.677, 89.6576, 8.15346E-005, -132.999, 1.38376, 131.422, 1.37954, 11.4095, 1.29242, -108.537, 0.0391681, -40.6634
20, 3000.00000, 220.848, -30.3829, 221.523, -150.396, 221.677, 89.6576, 8.15346E-005, -132.999, 1.38376, 131.422, 1.37954, 11.4095, 1.29242, -108.537, 0.0391681, -40.6634
20, 3060.00000, 220.842, -30.3554, 221.309, -150.414, 221.636, 89.6537, 0.000302471, 91.9065, 0.951361, 131.45, 1.38087, 11.3908, 1.46502, -108.541, 0.267717, 157.866
20, 3120.00000, 220.842, -30.3554, 221.309, -150.414, 221.636, 89.6537, 0.000302472, 91.9076, 0.951359, 131.45, 1.38088, 11.3908, 1.46501, -108.541, 0.267718, 157.867
20, 3180.00000, 220.842, -30.3554, 221.309, -150.414, 221.636, 89.6537, 0.000302472, 91.9076, 0.951359, 131.45, 1.38088, 11.3908, 1.46501, -108.541, 0.267718, 157.867
20, 3240.00000, 220.842, -30.3554, 221.309, -150.414, 221.636, 89.6537, 0.000302472, 91.9076, 0.951359, 131.45, 1.38088, 11.3908, 1.46501, -108.541, 0.267718, 157.867
20, 3300.00000, 220.842, -30.3554, 221.309, -150.414, 221.636, 89.6537, 0.000302472, 91.9076, 0.951359, 131.45, 1.38088, 11.3908, 1.46501, -108.541, 0.267718, 157.867
20, 3360.00000, 221.065, -30.3595, 221.393, -150.413, 221.774, 89.6444, 4.23784E-005, 115.555, 1.1232, 131.446, 1.20781, 11.3923, 1.20573, -108.55, 0.0457053, 147.813
20, 3420.00000, 221.065, -30.3595, 221.393, -150.413, 221.774, 89.6444, 4.23801E-005, 115.555, 1.1232, 131.446, 1.20781, 11.3923, 1.20573, -108.55, 0.0457066, 147.813
20, 3480.00000, 221.065, -30.3595, 221.393, -150.413, 221.774, 89.6444, 4.23801E-005, 115.555, 1.1232, 131.446, 1.20781, 11.3923, 1.20573, -108.55, 0.0457066, 147.813
20, 3540.00000, 221.065, -30.3595, 221.393, -150.413, 221.774, 89.6444, 4.23801E-005, 115.555, 1.1232, 131.446, 1.20781, 11.3923, 1.20573, -108.55, 0.0457066, 147.813
21, 0.00000, 221.065, -30.3595, 221.393, -150.413, 221.774, 89.6444, 4.23801E-005, 115.555, 1.1232, 131.446, 1.20781, 11.3923, 1.20573, -108.55, 0.0457066, 147.813
21, 60.00000, 220.84, -30.3833, 221.321, -150.386, 221.281, 89.644, 0.000333342, 37.3973, 1.03786, 131.422, 1.0356, 11.4188, 1.55368, -108.551, 0.303805, 109.015
21, 120.00000, 220.84, -30.3833, 221.321, -150.386, 221.281, 89.644, 0.000333343, 37.3974, 1.03786, 131.422, 1.0356, 11.4188, 1.55368, -108.551, 0.303806, 109.015
21, 180.00000, 220.84, -30.3833, 221.321, -150.386, 221.281, 89.644, 0.000333343, 37.3974, 1.03786, 131.422, 1.0356, 11.4188, 1.55368, -108.551, 0.303806, 109.015
21, 240.00000, 220.84, -30.3833, 221.321, -150.386, 221.281, 89.644, 0.000333343, 37.3974, 1.03786, 131.422, 1.0356, 11.4188, 1.55368, -108.551, 0.303806, 109.015
21, 300.00000, 220.84, -30.3833, 221.321, -150.386, 221.281, 89.644, 0.000333343, 37.3974, 1.03786, 131.422, 1.0356, 11.4188, 1.55368, -108.551, 0.303806, 109.015
21, 360.00000, 220.839, -30.3611, 221.486, -150.405, 221.548, 89.6599, 9.207E-005, 142.405, 1.21083, 131.444, 1.37978, 11.3997, 1.29317, -108.535, 0.0678958, -171.16
21, 420.00000, 220.839, -30.3611, 221.486, -150.405, 221.548, 89.6599, 9.20663E-005, 142.403, 1.21083, 131.444, 1.37977, 11.3997, 1.29317, -108.535, 0.0678941, -171.163
21, 480.00000, 220.839, -30.3611, 221.486, -150.405, 221.548, 89.6599, 9.20662E-005, 142.403, 1.21083, 131.444, 1.37977, 11.3997, 1.29317, -108.535, 0.0678941, -171.163
21, 540.00000, 220.839, -30.3611, 221.486, -150.405, 221.548, 89.6599, 9.20662E-005, 142.403, 1.21083, 131.444, 1.37977, 11.3997, 1.29317, -108.535, 0.0678941, -171.163
21, 600.00000, 220.839, -30.3611, 221.486, -150.405, 221.548, 89.6599, 9.20662E-005, 142.403, 1.21083, 131.444, 1.37977, 11.3997, 1.29317, -108.535, 0.0678941, -171.163
21, 660.00000, 221.232, -30.3582, 221.308, -150.354, 221.361, 89.6161, 0.000241767, 126.906, 0.94968, 131.447, 1.38088, 11.4514, 1.20798, -108.579, 0.197716, -170.01
21, 720.00000, 221.232, -30.3582, 221.308, -150.354, 221.361, 89.6161, 0.000241768, 126.906, 0.94968, 131.447, 1.38088, 11.4514, 1.20798, -108.579, 0.197717, -170.01
21, 780.00000, 221.232, -30.3582, 221.308, -150.354, 221.361, 89.6161, 0.000241768, 126.906, 0.94968, 131.447, 1.38088, 11.4514, 1.20798, -108.579, 0.197717, -170.01
21, 840.00000, 221.232, -30.3582, 221.308, -150.354, 221.361, 89.6161, 0.000241768, 126.906, 0.94968, 131.447, 1.38088, 11.4514, 1.20798, -108.579, 0.197717, -170.01
21, 900.00000, 221.232, -30.3582, 221.308, -150.354, 221.361, 89.6161, 0.000241768, 126.906, 0.94968, 131.447, 1.38088, 11.4514, 1.20798, -108.579, 0.197717, -170.01
21, 960.00000, 220.813, -30.3893, 221.609, -150.395, 221.437, 89.6654, 0.000232808, 76.2016, 0.951485, 131.416, 1.20663, 11.4105, 1.38008, -108.529, 0.214361, 142.604
21, 1020.00000, 220.813, -30.3893, 221.609, -150.395, 221.437, 89.6654, 0.000232808, 76.2015, 0.951485, 131.416, 1.20663, 11.4105, 1.38008, -108.529, 0.214361, 142.604
21, 1080.00000, 220.813, -30.3893, 221.609, -150.395, 221.437, 89.6654, 0.000232808, 76.2015, 0.951485, 131.416, 1.20663, 11.4105, 1.38008, -108.529, 0.214361, 142.604
21, 1140.00000, 220.813, -30.3893, 221.609, -150.395, 221.437, 89.6654, 0.000232808, 76.2015, 0.951485, 131.416, 1.20663, 11.4105, 1.38008, -108.529, 0.214361, 142.604
21, 1200.00000, 220.813, -30.3893, 221.609, -150.395, 221.437, 89.6654, 0.000232808, 76.2015, 0.951485, 131.416, 1.20663, 11.4105, 1.38008, -108.529, 0.214361, 142.604
21, 1260.00000, 220.669, -30.3695, 221.392, -150.409, 221.528, 89.6667, 0.000218792, 179.282, 1.21176, 131.436, 1.46663, 11.3959, 1.12085, -108.528, 0.151029, -113.757
21, 1320.00000, 220.669, -30.3695, 221.392, -150.409, 221.528, 89.6667, 0.000218796, 179.283, 1.21177, 131.436, 1.46663, 11.3959, 1.12085, -108.528, 0.151031, -113.755
21, 1380.00000, 220.669, -30.3695, 221.392, -150.409, 221.528, 89.6667, 0.000218796, 179.283, 1.21177, 131.436, 1.46663, 11.3959, 1.12085, -108.528, 0.151031, -113.755
21, 1440.00000, 220.669, -30.3695, 221.392, -150.409, 221.528, 89.6667, 0.000218796, 179.283, 1.21177, 131.436, 1.46663, 11.3959, 1.12085, -108.528, 0.151031, -113.755
21, 1500.00000, 220.669, -30.3695, 221.392, -150.409, 221.528, 89.6667, 0.000218796, 179.283, 1.21177, 131.436, 1.46663, 11.3959, 1.12085, -108.528, 0.151031, -113.755
21, 1560.00000, 221.055, -30.3435, 221.242, -150.391, 221.563, 89.6307, 0.00012097, 170.987, 1.29606, 131.462, 1.46762, 11.4139, 1.29309, -108.564, 0.0737482, -131.95
21, 1620.00000, 221.055, -30.3435, 221.242, -150.391, 221.563, 89.6307, 0.000120973, 170.986, 1.29606, 131.462, 1.46762, 11.4139, 1.29308, -108.564, 0.0737514, -131.951
21, 1680.00000, 221.055, -30.3435, 221.242, -150.391, 221.563, 89.6307, 0.000120973, 170.986, 1.29606, 131.462, 1.46762, 11.4139, 1.29308, -108.564, 0.0737514, -131.951
21, 1740.00000, 221.055, -30.3435, 221.242, -150.391, 221.563, 89.6307, 0.000120973, 170.986, 1.29606, 131.462, 1.46762, 11.4139, 1.29308, -108.564, 0.0737514, -131.951
21, 1800.00000, 221.055, -30.3435, 221.242, -150.391, 221.563, 89.6307, 0.000120973, 170.986, 1.29606, 131.462, 1.46762, 11.4139, 1.29308, -108.564, 0.0737514, -131.951
21, 1860.00000, 220.569, -30.3694, 221.599, -150.407, 221.601, 89.688, 0.000116935, -159.813, 1.3855, 131.436, 1.46527, 11.3978, 1.29286, -108.507, 0.0619224, -89.3941
21, 1920.00000, 220.568, -30.3694, 221.599, -150.407, 221.601, 89.688, 0.00011693, -159.808, 1.38551, 131.436, 1.46526, 11.3978, 1.29286, -108.507, 0.061918, -89.386
21, 1980.00000, 220.568, -30.3694, 221.599, -150.407, 221.601, 89.688, 0.00011693, -159.808, 1.38551, 131.436, 1.46526, 11.3978, 1.29286, -108.507, 0.061918, -89.3859
21, 2040.00000, 220.568, -30.3694, 221.599, -150.407, 221.601, 89.688, 0.00011693, -159.808, 1.38551, 131.436, 1.46526, 11.3978, 1.29286, -108.507, 0.061918, -89.3859
21, 2100.00000, 220.568, -30.3694, 221.599, -150.407, 221.601, 89.688, 0.00011693, -159.808, 1.38551, 131.436, 1.46526, 11.3978, 1.29286, -108.507, 0.061918, -89.3859
21, 2160.00000, 220.676, -30.3415, 221.231, -150.446, 221.85, 89.6699, 0.000237234, 165.886, 1.29828, 131.464, 1.64036, 11.359, 1.29142, -108.525, 0.16862, -129.916
21, 2220.00000, 220.676, -30.3415, 221.231, -150.446, 221.85, 89.6699, 0.000237243, 165.886, 1.29828, 131.464, 1.64037, 11.359, 1.29141, -108.525, 0.168627, -129.916
21, 2280.00000, 220.676, -30.3415, 221.231, -150.446, 221.85, 89.6698, 0.000237244, 165.886, 1.29828, 131.464, 1.64037, 11.359, 1.29141, -108.525, 0.168627, -129.916
21, 2340.00000, 220.676, -30.3415, 221.231, -150.446, 221.85, 89.6699, 0.000237244, 165.886, 1.29828, 131.464, 1.64037, 11.359, 1.29141, -108.525, 0.168627, -129.916
21, 2400.00000, 220.676, -30.3415, 221.231, -150.446, 221.85, 89.6699, 0.000237244, 165.886, 1.29828, 131.464, 1.64037, 11.359, 1.29141, -108.525, 0.168627, -129.916
21, 2460.00000, 220.784, -30.349, 221.388, -150.441, 221.847, 89.6642, 0.000289183, -148.725, 1.47068, 131.456, 1.55293, 11.364, 1.11923, -108.531, 0.204158, -74.6522
21, 2520.00000, 220.784, -30.349, 221.388, -150.441, 221.847, 89.6642, 0.000289177, -148.726, 1.47067, 131.456, 1.55293, 11.3641, 1.11924, -108.531, 0.204153, -74.6531
21, 2580.00000, 220.784, -30.349, 221.388, -150.441, 221.847, 89.6642, 0.000289177, -148.726, 1.47067, 131.456, 1.55293, 11.3641, 1.11924, -108.531, 0.204153, -74.6531
21, 2640.00000, 220.784, -30.349, 221.388, -150.441, 221.847, 89.6642, 0.000289177, -148.726, 1.47067, 131.456, 1.55293, 11.3641, 1.11924, -108.531, 0.204153, -74.6531
21, 2700.00000, 220.784, -30.349, 221.388, -150.441, 221.847, 89.6642, 0.000289177, -148.726, 1.47067, 131.456, 1.55293, 11.3641, 1.11924, -108.531, 0.204153, -74.6531
21, 2760.00000, 220.723, -30.3512, 221.584, -150.433, 221.829, 89.6807, 6.36716E-005, -179.562, 1.21147, 131.454, 1.29297, 11.3717, 1.20544, -108.514, 0.0272337, -134.626
21, 2820.00000, 220.723, -30.3512, 221.584, -150.433, 221.829, 89.6807, 6.36704E-005, -179.556, 1.21147, 131.454, 1.29297, 11.3717, 1.20544, -108.514, 0.0272302, -134.617
21, 2880.00000, 220.723, -30.3512, 221.584, -150.433, 221.829, 89.6807, 6.36703E-005, -179.556, 1.21147, 131.454, 1.29297, 11.3717, 1.20544, -108.514, 0.0272302, -134.617
21, 2940.00000, 220.723, -30.3512, 221.584, -150.433, 221.829, 89.6807, 6.36703E-005, -179.556, 1.21147, 131.454, 1.29297, 11.3717, 1.20544, -108.514, 0.0272302, -134.617
21, 3000.00000, 220.723, -30.3512, 221.584, -150.433, 221.829, 89.6807, 6.36703E-005, -179.556, 1.21147, 131.454, 1.29297, 11.3717, 1.20544, -108.514, 0.0272302, -134.617
21, 3060.00000, 221.049, -30.365, 221.36, -150.371, 221.335, 89.6465, 0.000307834, -83.1125, 1.55532, 131.44, 1.1217, 11.4336, 1.12182, -108.548, 0.250602, -4.37857
21, 3120.00000, 221.049, -30.365, 221.36, -150.371, 221.335, 89.6465, 0.000307827, -83.1124, 1.55531, 131.44, 1.1217, 11.4336, 1.12183, -108.548, 0.250597, -4.37832
21, 3180.00000, 221.049, -30.365, 221.36, -150.371, 221.335, 89.6465, 0.000307827, -83.1124, 1.55531, 131.44, 1.1217, 11.4336, 1.12183, -108.548, 0.250597, -4.37831
21, 3240.00000, 221.049, -30.365, 221.36, -150.371, 221.335, 89.6465, 0.000307827, -83.1124, 1.55531, 131.44, 1.1217, 11.4336, 1.12183, -108.548, 0.250597, -4.37831
21, 3300.00000, 221.049, -30.365, 221.36, -150.371, 221.335, 89.6465, 0.000307827, -83.1124, 1.55531, 131.44, 1.1217, 11.4336, 1.12183, -108.548, 0.250597, -4.37831
21, 3360.00000, 220.32, -30.3825, 221.695, -150.444, 221.581, 89.7224, 6.37865E-005, -177.728, 1.30037, 131.423, 1.37847, 11.3611, 1.29298, -108.473, 0.0250662, -134.946
21, 3420.00000, 220.32, -30.3825, 221.695, -150.444, 221.581, 89.7224, 6.3783E-005, -177.722, 1.30038, 131.423, 1.37847, 11.3611, 1.29298, -108.473, 0.0250613, -134.939
21, 3480.00000, 220.32, -30.3825, 221.695, -150.444, 221.581, 89.7224, 6.37831E-005, -177.722, 1.30038, 131.423, 1.37847, 11.3611, 1.29298, -108.473, 0.0250613, -134.939
21, 3540.00000, 220.32, -30.3825, 221.695, -150.444, 221.581, 89.7224, 6.37831E-005, -177.722, 1.30038, 131.423, 1.37847, 11.3611, 1.29298, -108.473, 0.0250613, -134.939
22, 0.00000, 220.32, -30.3825, 221.695, -150.444, 221.581, 89.7224, 6.37831E-005, -177.722, 1.30038, 131.423, 1.37847, 11.3611, 1.29298, -108.473, 0.0250613, -134.939
22, 60.00000, 221.172, -30.3153, 221.723, -150.378, 222.038, 89.7072, 6.39954E-005, 179.993, 1.20902, 131.49, 1.29215, 11.4267, 1.2043, -108.488, 0.027713, -135.286
22, 120.00000, 221.172, -30.3153, 221.723, -150.378, 222.038, 89.7072, 6.40001E-005, 179.988, 1.20901, 131.49, 1.29215, 11.4267, 1.2043, -108.488, 0.0277187, -135.291
22, 180.00000, 221.172, -30.3153, 221.723, -150.378, 222.038, 89.7072, 6.40002E-005, 179.988, 1.20901, 131.49, 1.29215, 11.4267, 1.2043, -108.488, 0.0277188, -135.291
22, 240.00000, 221.172, -30.3153, 221.723, -150.378, 222.038, 89.7072, 6.40002E-005, 179.988, 1.20901, 131.49, 1.29215, 11.4267, 1.2043, -108.488, 0.0277188, -135.291
22, 300.00000, 221.172, -30.3153, 221.723, -150.378, 222.038, 89.7072, 6.40002E-005, 179.988, 1.20901, 131.49, 1.29215, 11.4267, 1.2043, -108.488, 0.0277188, -135.291
22, 360.00000, 220.944, -30.3043, 221.748, -150.413, 222.308, 89.7242, 0.000284923, -93.4906, 1.38315, 131.501, 1.0336, 11.3923, 0.94509, -108.471, 0.227893, -15.0739
22, 420.00000, 220.944, -30.3043, 221.748, -150.413, 222.308, 89.7242, 0.000284928, -93.4913, 1.38315, 131.501, 1.0336, 11.3923, 0.945085, -108.471, 0.227897, -15.0747
22, 480.00000, 220.944, -30.3043, 221.748, -150.413, 222.308, 89.7242, 0.000284928, -93.4913, 1.38315, 131.501, 1.0336, 11.3923, 0.945085, -108.471, 0.227897, -15.0747
22, 540.00000, 220.944, -30.3043, 221.748, -150.413, 222.308, 89.7242, 0.000284928, -93.4913, 1.38315, 131.501, 1.0336, 11.3923, 0.945085, -108.471, 0.227897, -15.0747
22, 600.00000, 220.944, -30.3043, 221.748, -150.413, 222.308, 89.7242, 0.000284928, -93.4913, 1.38315, 131.501, 1.0336, 11.3923, 0.945085, -108.471, 0.227897, -15.0747
22, 660.00000, 221.219, -30.3267, 221.651, -150.393, 222.097, 89.7023, 8.06409E-005, 70.2802, 1.03608, 131.478, 1.12023, 11.4124, 1.20398, -108.493, 0.0888447, 130.059
22, 720.00000, 221.219, -30.3267, 221.651, -150.393, 222.097, 89.7023, 8.06435E-005, 70.278, 1.03608, 131.478, 1.12023, 11.4124, 1.20398, -108.493, 0.0888474, 130.057
22, 780.00000, 221.219, -30.3267, 221.651, -150.393, 222.097, 89.7023, 8.06435E-005, 70.278, 1.03608, 131.478, 1.12023, 11.4124, 1.20398, -108.493, 0.0888474, 130.057
22, 840.00000, 221.219, -30.3267, 221.651, -150.393, 222.097, 89.7023, 8.06435E-005, 70.278, 1.03608, 131.478, 1.12023, 11.4124, 1.20398, -108.493, 0.0888474, 130.057
22, 900.00000, 221.219, -30.3267, 221.651, -150.393, 222.097, 89.7023, 8.06435E-005, 70.278, 1.03608, 131.478, 1.12023, 11.4124, 1.20398, -108.493, 0.0888474, 130.057
22, 960.00000, 221.172, -30.318, 221.918, -150.36, 221.986, 89.7154, 0.00027662, -117.266, 1.46809, 131.487, 1.29102, 11.4451, 1.0325, -108.48, 0.207567, -39.057
22, 1020.00000, 221.172, -30.318, 221.918, -150.36, 221.986, 89.7154, 0.000276615, -117.266, 1.46809, 131.487, 1.29102, 11.4451, 1.0325, -108.48, 0.207564, -39.0569
22, 1080.00000, 221.172, -30.318, 221.918, -150.36, 221.986, 89.7154, 0.000276615, -117.266, 1.46809, 131.487, 1.29102, 11.4451, 1.0325, -108.48, 0.207564, -39.0569
22, 1140.00000, 221.172, -30.318, 221.918, -150.36, 221.986, 89.7154, 0.000276615, -117.266, 1.46809, 131.487, 1.29102, 11.4451, 1.0325, -108.48, 0.207564, -39.0569
22, 1200.00000, 221.172, -30.318, 221.918, -150.36, 221.986, 89.7154, 0.000276615, -117.266, 1.46809, 131.487, 1.29102, 11.4451, 1.0325, -108.48, 0.207564, -39.0569
22, 1260.00000, 221.296, -30.3336, 221.915, -150.339, 221.82, 89.7035, 0.00029174, 133.006, 0.863092, 131.471, 1.37711, 11.4659, 1.11938, -108.491, 0.235382, -162.135
22, 1320.00000, 221.296, -30.3336, 221.915, -150.339, 221.82, 89.7035, 0.000291738, 133.006, 0.863095, 131.471, 1.37711, 11.4659, 1.11938, -108.491, 0.235379, -162.135
22, 1380.00000, 221.296, -30.3336, 221.915, -150.339, 221.82, 89.7035, 0.000291738, 133.006, 0.863095, 131.471, 1.37711, 11.4659, 1.11938, -108.491, 0.235379, -162.135
22, 1440.00000, 221.296, -30.3336, 221.915, -150.339, 221.82, 89.7035, 0.000291738, 133.006, 0.863095, 131.471, 1.37711, 11.4659, 1.11938, -108.491, 0.235379, -162.135
22, 1500.00000, 221.296, -30.3336, 221.915, -150.339, 221.82, 89.7035, 0.000291738, 133.006, 0.863095, 131.471, 1.37711, 11.4659, 1.11938, -108.491, 0.235379, -162.135
22, 1560.00000, 221.3, -30.3258, 221.77, -150.375, 221.916, 89.6902, 0.000170078, -154.805, 1.20832, 131.479, 1.29188, 11.43, 1.03282, -108.505, 0.110579, -81.8003
22, 1620.00000, 221.301, -30.3258, 221.769, -150.375, 221.916, 89.6902, 0.000170082, -154.808, 1.20831, 131.479, 1.29188, 11.43, 1.03282, -108.505, 0.110582, -81.803
22, 1680.00000, 221.301, -30.3258, 221.769, -150.375, 221.916, 89.6902, 0.000170082, -154.808, 1.20831, 131.479, 1.29188, 11.43, 1.03282, -108.505, 0.110582, -81.803
22, 1740.00000, 221.301, -30.3258, 221.769, -150.375, 221.916, 89.6902, 0.000170082, -154.808, 1.20831, 131.479, 1.29188, 11.43, 1.03282, -108.505, 0.110582, -81.803
22, 1800.00000, 221.301, -30.3258, 221.769, -150.375, 221.916, 89.6902, 0.000170082, -154.808, 1.20831, 131.479, 1.29188, 11.43, 1.03282, -108.505, 0.110582, -81.803
22, 1860.00000, 221.245, -30.3227, 221.803, -150.384, 221.976, 89.7007, 0.000121974, -111.648, 1.29494, 131.482, 1.20558, 11.4214, 1.11859, -108.494, 0.0834136, -24.55
22, 1920.00000, 221.245, -30.3227, 221.803, -150.384, 221.976, 89.7007, 0.000121977, -111.645, 1.29495, 131.482, 1.20557, 11.4214, 1.11859, -108.494, 0.0834165, -24.5477
22, 1980.00000, 221.245, -30.3227, 221.803, -150.384, 221.976, 89.7007, 0.000121977, -111.645, 1.29495, 131.482, 1.20557, 11.4214, 1.11859, -108.494, 0.0834165, -24.5477
22, 2040.00000, 221.245, -30.3227, 221.803, -150.384, 221.976, 89.7007, 0.000121977, -111.645, 1.29495, 131.482, 1.20557, 11.4214, 1.11859, -108.494, 0.0834165, -24.5477
22, 2100.00000, 221.245, -30.3227, 221.803, -150.384, 221.976, 89.7007, 0.000121977, -111.645, 1.29495, 131.482, 1.20557, 11.4214, 1.11859, -108.494, 0.0834165, -24.5477
22, 2160.00000, 221.323, -30.3127, 221.721, -150.391, 222.177, 89.68, 0.000113041, -162.795, 1.03559, 131.492, 1.11988, 11.4137, 0.945644, -108.515, 0.0672658, -92.8617
22, 2220.00000, 221.323, -30.3127, 221.721, -150.391, 222.177, 89.68, 0.00011304, -162.796, 1.03559, 131.492, 1.11988, 11.4137, 0.945644, -108.515, 0.0672656, -92.8628
22, 2280.00000, 221.323, -30.3127, 221.721, -150.391, 222.177, 89.68, 0.00011304, -162.796, 1.03559, 131.492, 1.11988, 11.4137, 0.945644, -108.515, 0.0672656, -92.8628
22, 2340.00000, 221.323, -30.3127, 221.721, -150.391, 222.177, 89.68, 0.00011304, -162.796, 1.03559, 131.492, 1.11988, 11.4137, 0.945644, -108.515, 0.0672656, -92.8628
22, 2400.00000, 221.323, -30.3127, 221.721, -150.391, 222.177, 89.68, 0.00011304, -162.796, 1.03559, 131.492, 1.11988, 11.4137, 0.945644, -108.515, 0.0672656, -92.8628
22, 2460.00000, 221.634, -30.3232, 221.692, -150.342, 221.686, 89.6501, 1.72215E-005, -114.248, 1.03414, 131.482, 1.03387, 11.4627, 1.03389, -108.545, 0.017468, 64.0303
22, 2520.00000, 221.634, -30.3232, 221.692, -150.342, 221.686, 89.6501, 1.72179E-005, -114.253, 1.03414, 131.482, 1.03387, 11.4627, 1.03389, -108.545, 0.0174676, 64.0408
22, 2580.00000, 221.634, -30.3232, 221.692, -150.342, 221.686, 89.6501, 1.72179E-005, -114.252, 1.03414, 131.482, 1.03387, 11.4627, 1.03389, -108.545, 0.0174677, 64.0408
22, 2640.00000, 221.634, -30.3232, 221.692, -150.342, 221.686, 89.6501, 1.72179E-005, -114.252, 1.03414, 131.482, 1.03387, 11.4627, 1.03389, -108.545, 0.0174677, 64.0408
22, 2700.00000, 221.634, -30.3232, 221.692, -150.342, 221.686, 89.6501, 1.72179E-005, -114.252, 1.03414, 131.482, 1.03387, 11.4627, 1.03389, -108.545, 0.0174677, 64.0408
22, 2760.00000, 221.341, -30.3631, 222.032, -150.329, 221.636, 89.7044, 0.000142345, 14.4061, 1.1218, 131.442, 1.03228, 11.4758, 1.29266, -108.49, 0.14424, 88.8399
22, 2820.00000, 221.341, -30.3631, 222.032, -150.329, 221.636, 89.7044, 0.000142347, 14.4051, 1.1218, 131.442, 1.03228, 11.4758, 1.29266, -108.49, 0.144241, 88.839
22, 2880.00000, 221.341, -30.3631, 222.032, -150.329, 221.636, 89.7044, 0.000142347, 14.4051, 1.1218, 131.442, 1.03228, 11.4758, 1.29266, -108.49, 0.144241, 88.839
22, 2940.00000, 221.341, -30.3631, 222.032, -150.329, 221.636, 89.7044, 0.000142347, 14.4051, 1.1218, 131.442, 1.03228, 11.4758, 1.29266, -108.49, 0.144241, 88.839
22, 3000.00000, 221.341, -30.3631, 222.032, -150.329, 221.636, 89.7044, 0.000142347, 14.4051, 1.1218, 131.442, 1.03228, 11.4758, 1.29266, -108.49, 0.144241, 88.839
22, 3060.00000, 221.323, -30.3128, 221.585, -150.367, 221.887, 89.6786, 0.00021564, -165.913, 1.20819, 131.492, 1.37915, 11.4377, 1.03296, -108.516, 0.147182, -95.5046
22, 3120.00000, 221.323, -30.3128, 221.585, -150.367, 221.887, 89.6786, 0.000215643, -165.913, 1.20819, 131.492, 1.37915, 11.4377, 1.03296, -108.516, 0.147184, -95.505
22, 3180.00000, 221.323, -30.3128, 221.585, -150.367, 221.887, 89.6786, 0.000215643, -165.913, 1.20819, 131.492, 1.37915, 11.4377, 1.03296, -108.516, 0.147184, -95.5051
22, 3240.00000, 221.323, -30.3128, 221.585, -150.367, 221.887, 89.6786, 0.000215643, -165.913, 1.20819, 131.492, 1.37915, 11.4377, 1.03296, -108.516, 0.147184, -95.5051
22, 3300.00000, 221.323, -30.3128, 221.585, -150.367, 221.887, 89.6786, 0.000215643, -165.913, 1.20819, 131.492, 1.37915, 11.4377, 1.03296, -108.516, 0.147184, -95.5051
22, 3360.00000, 221.433, -30.3551, 221.824, -150.321, 221.52, 89.6852, 0.000187658, 87.1734, 1.12133, 131.45, 1.37767, 11.4838, 1.46579, -108.51, 0.175283, 149.951
22, 3420.00000, 221.433, -30.3551, 221.824, -150.321, 221.52, 89.6852, 0.000187656, 87.1733, 1.12133, 131.45, 1.37767, 11.4838, 1.46578, -108.51, 0.175282, 149.951
22, 3480.00000, 221.433, -30.3551, 221.824, -150.321, 221.52, 89.6852, 0.000187656, 87.1733, 1.12133, 131.45, 1.37767, 11.4838, 1.46578, -108.51, 0.175281, 149.951
22, 3540.00000, 221.433, -30.3551, 221.824, -150.321, 221.52, 89.6852, 0.000187656, 87.1733, 1.12133, 131.45, 1.37767, 11.4838, 1.46578, -108.51, 0.175281, 149.951
23, 0.00000, 221.433, -30.3551, 221.824, -150.321, 221.52, 89.6852, 0.000187656, 87.1733, 1.12133, 131.45, 1.37767, 11.4838, 1.46578, -108.51, 0.175281, 149.951
23, 60.00000, 222.229, -30.2821, 222.844, -150.262, 222.604, 89.7768, 0.000115354, -111.297, 0.945426, 131.523, 0.857102, 11.5436, 0.772229, -108.418, 0.0827352, -28.2799
23, 120.00000, 222.229, -30.2821, 222.844, -150.262, 222.604, 89.7768, 0.000115353, -111.299, 0.94542, 131.523, 0.8571, 11.5435, 0.772224, -108.418, 0.0827342, -28.2811
23, 180.00000, 222.229, -30.2821, 222.844, -150.262, 222.604, 89.7768, 0.000115353, -111.299, 0.94542, 131.523, 0.8571, 11.5435, 0.772224, -108.418, 0.0827342, -28.2811
23, 240.00000, 222.229, -30.2821, 222.844, -150.262, 222.604, 89.7768, 0.000115353, -111.299, 0.94542, 131.523, 0.8571, 11.5435, 0.772224, -108.418, 0.0827342, -28.2811
23, 300.00000, 222.229, -30.2821, 222.844, -150.262, 222.604, 89.7768, 0.000115353, -111.299, 0.94542, 131.523, 0.8571, 11.5435, 0.772224, -108.418, 0.0827342, -28.2811
23, 360.00000, 222.284, -30.271, 222.667, -150.258, 222.535, 89.7619, 9.44943E-005, 136.859, 0.68741, 131.534, 0.857784, 11.5475, 0.772464, -108.433, 0.0736726, -165.808
23, 420.00000, 222.284, -30.271, 222.667, -150.258, 222.535, 89.7619, 9.44947E-005, 136.859, 0.68741, 131.534, 0.857784, 11.5476, 0.772464, -108.433, 0.0736729, -165.808
23, 480.00000, 222.284, -30.271, 222.667, -150.258, 222.535, 89.7619, 9.44947E-005, 136.859, 0.68741, 131.534, 0.857784, 11.5476, 0.772464, -108.433, 0.0736729, -165.808
23, 540.00000, 222.284, -30.271, 222.667, -150.258, 222.535, 89.7619, 9.44947E-005, 136.859, 0.68741, 131.534, 0.857784, 11.5476, 0.772464, -108.433, 0.0736729, -165.808
23, 600.00000, 222.284, -30.271, 222.667, -150.258, 222.535, 89.7619, 9.44947E-005, 136.859, 0.68741, 131.534, 0.857784, 11.5476, 0.772464, -108.433, 0.0736729, -165.808
23, 660.00000, 222.276, -30.2723, 222.853, -150.266, 222.676, 89.7722, 0.000205633, -10.4439, 0.945223, 131.533, 0.685654, 11.539, 1.0293, -108.423, 0.186217, 65.2404
23, 720.00000, 222.276, -30.2723, 222.853, -150.266, 222.676, 89.7722, 0.000205634, -10.4439, 0.945223, 131.533, 0.685652, 11.539, 1.0293, -108.423, 0.186218, 65.2404
23, 780.00000, 222.276, -30.2723, 222.853, -150.266, 222.676, 89.7722, 0.000205634, -10.4439, 0.945223, 131.533, 0.685652, 11.539, 1.0293, -108.423, 0.186218, 65.2404
23, 840.00000, 222.276, -30.2723, 222.853, -150.266, 222.676, 89.7722, 0.000205634, -10.4439, 0.945223, 131.533, 0.685652, 11.539, 1.0293, -108.423, 0.186218, 65.2404
23, 900.00000, 222.276, -30.2723, 222.853, -150.266, 222.676, 89.7722, 0.000205634, -10.4439, 0.945223, 131.533, 0.685652, 11.539, 1.0293, -108.423, 0.186218, 65.2404
23, 960.00000, 222.122, -30.2617, 222.617, -150.301, 222.788, 89.7705, 7.38275E-005, -88.9594, 1.11785, 131.543, 1.02957, 11.5041, 1.02878, -108.424, 0.0568158, 7.95773
23, 1020.00000, 222.122, -30.2616, 222.617, -150.301, 222.788, 89.7705, 7.38284E-005, -88.959, 1.11785, 131.543, 1.02957, 11.5041, 1.02878, -108.424, 0.0568166, 7.9579
23, 1080.00000, 222.122, -30.2616, 222.617, -150.301, 222.788, 89.7705, 7.38283E-005, -88.959, 1.11785, 131.544, 1.02957, 11.5041, 1.02878, -108.424, 0.0568166, 7.95791
23, 1140.00000, 222.122, -30.2616, 222.617, -150.301, 222.788, 89.7705, 7.38283E-005, -88.959, 1.11785, 131.544, 1.02957, 11.5041, 1.02878, -108.424, 0.0568166, 7.95791
23, 1200.00000, 222.122, -30.2616, 222.617, -150.301, 222.788, 89.7705, 7.38283E-005, -88.959, 1.11785, 131.544, 1.02957, 11.5041, 1.02878, -108.424, 0.0568166, 7.95791
23, 1260.00000, 222.233, -30.2596, 222.688, -150.277, 222.795, 89.7708, 0.000138679, 81.4452, 0.687567, 131.546, 0.857702, 11.5277, 0.943023, -108.424, 0.128705, 146.225
23, 1320.00000, 222.233, -30.2596, 222.688, -150.277, 222.795, 89.7708, 0.000138678, 81.4461, 0.687568, 131.545, 0.857703, 11.5277, 0.943021, -108.424, 0.128704, 146.226
23, 1380.00000, 222.233, -30.2596, 222.688, -150.277, 222.795, 89.7708, 0.000138678, 81.4461, 0.687568, 131.545, 0.857703, 11.5277, 0.943021, -108.424, 0.128704, 146.226
23, 1440.00000, 222.233, -30.2596, 222.688, -150.277, 222.795, 89.7708, 0.000138678, 81.4461, 0.687568, 131.545, 0.857703, 11.5277, 0.943021, -108.424, 0.128704, 146.226
23, 1500.00000, 222.233, -30.2596, 222.688, -150.277, 222.795, 89.7708, 0.000138678, 81.4461, 0.687568, 131.545, 0.857703, 11.5277, 0.943021, -108.424, 0.128704, 146.226
23, 1560.00000, 221.934, -30.2611, 222.643, -150.299, 222.733, 89.7813, 0.000173659, -25.8138, 1.03274, 131.544, 0.772091, 11.5059, 1.02903, -108.414, 0.158256, 52.1768
23, 1620.00000, 221.934, -30.2611, 222.643, -150.299, 222.733, 89.7813, 0.000173662, -25.814, 1.03274, 131.544, 0.772088, 11.5059, 1.02903, -108.414, 0.158259, 52.1765
23, 1680.00000, 221.934, -30.2611, 222.643, -150.299, 222.733, 89.7813, 0.000173662, -25.814, 1.03274, 131.544, 0.772088, 11.5059, 1.02903, -108.414, 0.158259, 52.1765
23, 1740.00000, 221.934, -30.2611, 222.643, -150.299, 222.733, 89.7813, 0.000173662, -25.814, 1.03274, 131.544, 0.772088, 11.5059, 1.02903, -108.414, 0.158259, 52.1765
23, 1800.00000, 221.934, -30.2611, 222.643, -150.299, 222.733, 89.7813, 0.000173662, -25.814, 1.03274, 131.544, 0.772088, 11.5059, 1.02903, -108.414, 0.158259, 52.1765
23, 1860.00000, 222.317, -30.275, 222.751, -150.263, 222.59, 89.7629, 0.00011516, -111.362, 0.945054, 131.53, 0.857459, 11.5424, 0.772269, -108.432, 0.0824715, -28.3383
23, 1920.00000, 222.317, -30.275, 222.751, -150.263, 222.59, 89.7629, 0.000115156, -111.364, 0.945049, 131.53, 0.857462, 11.5424, 0.77227, -108.432, 0.0824676, -28.3397
23, 1980.00000, 222.317, -30.275, 222.751, -150.263, 222.59, 89.7629, 0.000115156, -111.364, 0.945049, 131.53, 0.857462, 11.5424, 0.77227, -108.432, 0.0824676, -28.3397
23, 2040.00000, 222.317, -30.275, 222.751, -150.263, 222.59, 89.7629, 0.000115156, -111.364, 0.945049, 131.53, 0.857462, 11.5424, 0.77227, -108.432, 0.0824676, -28.3397
23, 2100.00000, 222.317, -30.275, 222.751, -150.263, 222.59, 89.7629, 0.000115156, -111.364, 0.945049, 131.53, 0.857462, 11.5424, 0.77227, -108.432, 0.0824676, -28.3397
23, 2160.00000, 222.343, -30.2492, 222.489, -150.272, 222.646, 89.7446, 0.000115573, -26.9691, 0.859035, 131.556, 0.686774, 11.5333, 0.857866, -108.45, 0.1081, 52.7522
23, 2220.00000, 222.343, -30.2492, 222.489, -150.272, 222.646, 89.7446, 0.000115572, -26.9693, 0.859035, 131.556, 0.686774, 11.5333, 0.857866, -108.45, 0.108099, 52.7521
23, 2280.00000, 222.343, -30.2492, 222.489, -150.272, 222.646, 89.7446, 0.000115572, -26.9693, 0.859035, 131.556, 0.686774, 11.5333, 0.857866, -108.45, 0.108099, 52.7521
23, 2340.00000, 222.343, -30.2492, 222.489, -150.272, 222.646, 89.7446, 0.000115572, -26.9693, 0.859035, 131.556, 0.686774, 11.5333, 0.857866, -108.45, 0.108099, 52.7521
23, 2400.00000, 222.343, -30.2492, 222.489, -150.272, 222.646, 89.7446, 0.000115572, -26.9693, 0.859035, 131.556, 0.686774, 11.5333, 0.857866, -108.45, 0.108099, 52.7521
23, 2460.00000, 222.212, -30.244, 222.605, -150.285, 222.772, 89.7578, 0.000191232, -138.429, 1.1174, 131.561, 1.11543, 11.5197, 0.857379, -108.437, 0.13408, -62.1841
23, 2520.00000, 222.212, -30.244, 222.605, -150.285, 222.772, 89.7578, 0.000191231, -138.428, 1.1174, 131.561, 1.11543, 11.5197, 0.85738, -108.437, 0.13408, -62.1833
23, 2580.00000, 222.212, -30.244, 222.605, -150.285, 222.772, 89.7578, 0.000191231, -138.428, 1.1174, 131.561, 1.11543, 11.5197, 0.85738, -108.437, 0.13408, -62.1833
23, 2640.00000, 222.212, -30.244, 222.605, -150.285, 222.772, 89.7578, 0.000191231, -138.428, 1.1174, 131.561, 1.11543, 11.5197, 0.85738, -108.437, 0.13408, -62.1833
23, 2700.00000, 222.212, -30.244, 222.605, -150.285, 222.772, 89.7578, 0.000191231, -138.428, 1.1174, 131.561, 1.11543, 11.5197, 0.85738, -108.437, 0.13408, -62.1833
23, 2760.00000, 222.238, -30.2918, 222.899, -150.255, 222.452, 89.7646, 0.000116396, -27.6893, 0.945383, 131.513, 0.771202, 11.5504, 0.944471, -108.43, 0.110157, 52.8417
23, 2820.00000, 222.238, -30.2918, 222.899, -150.255, 222.452, 89.7646, 0.000116399, -27.6887, 0.945385, 131.513, 0.7712, 11.5504, 0.944473, -108.43, 0.110159, 52.8421
23, 2880.00000, 222.238, -30.2918, 222.899, -150.255, 222.452, 89.7646, 0.000116399, -27.6887, 0.945385, 131.513, 0.7712, 11.5504, 0.944473, -108.43, 0.110159, 52.8421
23, 2940.00000, 222.238, -30.2918, 222.899, -150.255, 222.452, 89.7646, 0.000116399, -27.6887, 0.945385, 131.513, 0.7712, 11.5504, 0.944473, -108.43, 0.110159, 52.8421
23, 3000.00000, 222.238, -30.2918, 222.899, -150.255, 222.452, 89.7646, 0.000116399, -27.6887, 0.945385, 131.513, 0.7712, 11.5504, 0.944473, -108.43, 0.110159, 52.8421
23, 3060.00000, 222.002, -30.2658, 222.773, -150.297, 222.702, 89.782, 0.000116119, -27.2444, 0.86035, 131.539, 0.6859, 11.5085, 0.857652, -108.413, 0.108522, 52.4891
23, 3120.00000, 222.002, -30.2658, 222.773, -150.297, 222.702, 89.782, 0.00011612, -27.2463, 0.860353, 131.539, 0.6859, 11.5086, 0.857649, -108.413, 0.108522, 52.4874
23, 3180.00000, 222.002, -30.2658, 222.773, -150.297, 222.702, 89.782, 0.00011612, -27.2463, 0.860353, 131.539, 0.6859, 11.5086, 0.857649, -108.413, 0.108522, 52.4874
23, 3240.00000, 222.002, -30.2658, 222.773, -150.297, 222.702, 89.782, 0.00011612, -27.2463, 0.860353, 131.539, 0.6859, 11.5086, 0.857649, -108.413, 0.108522, 52.4874
23, 3300.00000, 222.002, -30.2658, 222.773, -150.297, 222.702, 89.782, 0.00011612, -27.2463, 0.860353, 131.539, 0.6859, 11.5086, 0.857649, -108.413, 0.108522, 52.4874
23, 3360.00000, 222.124, -30.2383, 222.564, -150.286, 222.8, 89.7599, 0.000117091, -111.486, 1.03186, 131.567, 0.943997, 11.5186, 0.857272, -108.435, 0.0829869, -27.4746
23, 3420.00000, 222.124, -30.2383, 222.564, -150.286, 222.8, 89.76, 0.000117091, -111.488, 1.03186, 131.567, 0.944, 11.5186, 0.85727, -108.435, 0.0829867, -27.4765
23, 3480.00000, 222.124, -30.2383, 222.564, -150.286, 222.8, 89.76, 0.000117091, -111.488, 1.03186, 131.567, 0.944, 11.5186, 0.85727, -108.435, 0.0829867, -27.4765
23, 3540.00000, 222.124, -30.2383, 222.564, -150.286, 222.8, 89.76, 0.000117091, -111.488, 1.03186, 131.567, 0.944, 11.5186, 0.85727, -108.435, 0.0829867, -27.4765
24, 0.00000, 222.124, -30.2383, 222.564, -150.286, 222.8, 89.76, 0.000117091, -111.488, 1.03186, 131.567, 0.944, 11.5186, 0.85727, -108.435, 0.0829867, -27.4765
